<-- start execution 1 -->
Temps actuel =  11:42:33
{1: [0, 1, 25, 3, 27, 18, 42, 0], 2: [0, 2, 26, 4, 28, 6, 30, 11, 35, 12, 36, 17, 41, 19, 43, 20, 44, 22, 46, 0], 3: [0, 5, 29, 7, 31, 8, 32, 9, 33, 10, 34, 13, 37, 14, 38, 15, 39, 16, 40, 21, 45, 23, 47, 24, 48, 0]} [1382.6957706989488, 329.0025709491117]
{1: [0, 1, 25, 6, 30, 8, 32, 14, 38, 15, 39, 18, 42, 19, 43, 21, 45, 24, 48, 0], 2: [0, 3, 27, 4, 28, 5, 29, 7, 31, 9, 33, 11, 35, 16, 40, 22, 46, 0], 3: [0, 2, 26, 10, 34, 12, 36, 13, 37, 17, 41, 20, 44, 23, 47, 0]} [1445.4983737962216, 332.07445402827227]
{1: [0, 7, 31, 10, 34, 11, 35, 14, 38, 22, 46, 0], 2: [0, 1, 25, 2, 26, 4, 28, 6, 30, 15, 39, 17, 41, 24, 48, 0], 3: [0, 3, 27, 5, 29, 8, 32, 9, 33, 12, 36, 13, 37, 16, 40, 18, 42, 19, 43, 20, 44, 21, 45, 23, 47, 0]} [1194.812593369788, 317.98871021921565]
{1: [0, 8, 32, 9, 17, 10, 33, 34, 41, 18, 42, 19, 43, 24, 48, 0], 2: [0, 2, 26, 3, 27, 4, 28, 5, 29, 6, 30, 12, 36, 15, 39, 21, 45, 23, 47, 0], 3: [0, 1, 25, 7, 31, 11, 35, 13, 37, 14, 38, 16, 40, 20, 44, 22, 46, 0]} [1232.280423803089, 334.1382760214807]
Temps actuel =  11:54:28
<-- end execution 1 -->
<-- start execution 2 -->
Temps actuel =  11:54:28
{1: [0, 1, 25, 5, 29, 6, 30, 8, 32, 9, 33, 18, 42, 19, 43, 21, 45, 23, 47, 0], 2: [0, 2, 26, 10, 34, 11, 35, 12, 36, 14, 38, 15, 39, 16, 40, 17, 41, 20, 44, 0], 3: [0, 3, 27, 4, 28, 7, 31, 13, 37, 22, 46, 24, 48, 0]} [1386.3911912089513, 301.8040445626409]
{1: [0, 3, 27, 10, 34, 14, 38, 22, 46, 0], 2: [0, 4, 28, 15, 39, 16, 40, 18, 42, 23, 47, 24, 48, 0], 3: [0, 1, 25, 2, 26, 5, 29, 6, 30, 7, 31, 8, 32, 9, 33, 11, 35, 12, 36, 13, 37, 17, 41, 19, 43, 20, 44, 21, 45, 0]} [1316.7736213454095, 320.5677748287314]
{1: [0, 1, 9, 33, 11, 25, 35, 17, 41, 24, 48, 0], 2: [0, 2, 26, 3, 27, 4, 28, 5, 29, 6, 30, 7, 31, 12, 36, 13, 37, 15, 39, 16, 40, 18, 42, 19, 43, 21, 45, 23, 47, 0], 3: [0, 8, 32, 10, 34, 14, 38, 20, 44, 22, 46, 0]} [1139.43168341198, 343.52432431541536]
{1: [0, 7, 31, 9, 33, 14, 38, 17, 41, 0], 2: [0, 1, 25, 2, 26, 4, 28, 5, 29, 6, 30, 11, 35, 21, 45, 22, 46, 23, 47, 24, 48, 0], 3: [0, 3, 27, 8, 32, 10, 34, 12, 36, 13, 37, 15, 39, 16, 40, 18, 42, 19, 43, 20, 44, 0]} [1162.6189050527194, 306.93416223484644]
Temps actuel =  12:10:43
<-- end execution 2 -->
<-- start execution 3 -->
Temps actuel =  12:10:43
{1: [0, 4, 28, 8, 32, 12, 36, 14, 38, 18, 42, 19, 43, 22, 46, 24, 48, 0], 2: [0, 3, 27, 5, 29, 6, 30, 7, 31, 9, 33, 13, 37, 16, 40, 17, 41, 20, 44, 21, 45, 23, 47, 0], 3: [0, 1, 25, 2, 26, 10, 34, 11, 35, 15, 39, 0]} [1386.9368617601194, 306.681714628415]
{1: [0, 1, 25, 3, 27, 10, 34, 13, 37, 14, 38, 15, 39, 19, 43, 20, 44, 22, 46, 0], 2: [0, 2, 26, 4, 28, 5, 29, 7, 31, 17, 41, 0], 3: [0, 6, 30, 8, 32, 9, 33, 11, 35, 12, 36, 16, 40, 18, 42, 21, 45, 23, 47, 24, 48, 0]} [1405.6086695175225, 314.28416008020423]
{1: [0, 1, 25, 2, 26, 4, 28, 10, 34, 12, 36, 13, 37, 15, 39, 17, 41, 18, 42, 24, 48, 0], 2: [0, 3, 27, 5, 29, 6, 30, 7, 31, 8, 32, 16, 40, 19, 43, 21, 45, 22, 46, 23, 47, 0], 3: [0, 9, 33, 11, 35, 14, 38, 20, 44, 0]} [1191.1646412733473, 329.21369388763793]
{1: [0, 4, 28, 6, 30, 15, 39, 16, 40, 17, 41, 21, 45, 0], 2: [0, 7, 31, 10, 34, 11, 35, 12, 13, 36, 37, 18, 42, 19, 24, 43, 48, 0], 3: [0, 1, 25, 2, 26, 3, 27, 5, 29, 8, 32, 9, 33, 14, 38, 20, 44, 22, 46, 23, 47, 0]} [1307.3990877764295, 302.4238064436282]
Temps actuel =  12:23:14
<-- end execution 3 -->
<-- start execution 4 -->
Temps actuel =  12:23:14
{1: [0, 10, 34, 12, 36, 13, 37, 16, 40, 21, 45, 0], 2: [0, 3, 27, 4, 28, 8, 32, 18, 42, 24, 48, 0], 3: [0, 1, 25, 2, 26, 5, 29, 6, 30, 7, 31, 9, 33, 11, 35, 14, 38, 15, 39, 17, 41, 19, 43, 20, 44, 22, 46, 23, 47, 0]} [1396.659310479757, 315.41809196284913]
{1: [0, 11, 35, 13, 37, 17, 41, 18, 42, 20, 44, 23, 47, 0], 2: [0, 3, 27, 5, 29, 6, 30, 7, 31, 8, 32, 9, 33, 10, 34, 12, 36, 15, 39, 16, 40, 21, 45, 24, 48, 0], 3: [0, 1, 25, 2, 26, 4, 28, 14, 38, 19, 43, 22, 46, 0]} [1371.5897526138237, 335.40109036558664]
{1: [0, 1, 25, 5, 29, 7, 31, 12, 36, 16, 40, 17, 41, 21, 45, 23, 47, 0], 2: [0, 10, 34, 11, 35, 14, 38, 24, 48, 0], 3: [0, 2, 26, 3, 27, 4, 28, 6, 30, 8, 32, 9, 33, 13, 37, 15, 39, 18, 42, 19, 43, 20, 44, 22, 46, 0]} [1225.5360786965828, 309.2420226495032]
{1: [0, 3, 27, 5, 29, 7, 31, 11, 35, 13, 37, 15, 39, 18, 42, 21, 45, 22, 46, 24, 48, 0], 2: [0, 2, 26, 4, 28, 6, 30, 12, 36, 19, 43, 20, 44, 23, 47, 0], 3: [0, 1, 25, 8, 32, 9, 33, 10, 34, 14, 38, 16, 40, 17, 41, 0]} [1238.4671265455465, 314.9842590982496]
Temps actuel =  12:36:27
<-- end execution 4 -->
<-- start execution 5 -->
Temps actuel =  12:36:27
{1: [0, 1, 25, 2, 26, 9, 33, 10, 34, 11, 35, 13, 37, 16, 40, 0], 2: [0, 3, 27, 6, 30, 8, 32, 17, 41, 20, 44, 21, 45, 23, 47, 0], 3: [0, 4, 28, 5, 29, 7, 31, 12, 36, 14, 38, 15, 39, 18, 42, 19, 43, 22, 46, 24, 48, 0]} [1440.6787375639099, 315.4285348991037]
{1: [0, 1, 25, 4, 28, 8, 32, 11, 35, 16, 40, 19, 43, 20, 44, 0], 2: [0, 3, 27, 6, 30, 9, 33, 10, 34, 12, 36, 13, 37, 17, 41, 18, 42, 21, 45, 23, 47, 24, 48, 0], 3: [0, 2, 26, 5, 29, 7, 31, 14, 38, 15, 39, 22, 46, 0]} [1435.2139060710406, 311.8362875063052]
{1: [0, 3, 9, 27, 14, 5, 33, 29, 38, 22, 46, 24, 48, 0], 2: [0, 7, 31, 8, 32, 10, 34, 11, 35, 13, 37, 16, 40, 18, 42, 19, 43, 21, 45, 0], 3: [0, 1, 25, 2, 26, 4, 28, 6, 30, 12, 36, 15, 39, 17, 41, 20, 44, 23, 47, 0]} [1140.2090327231856, 301.2799069871566]
{1: [0, 7, 31, 10, 34, 12, 36, 14, 38, 24, 48, 0], 2: [0, 8, 32, 9, 33, 11, 35, 13, 37, 17, 41, 20, 44, 21, 45, 22, 46, 23, 47, 0], 3: [0, 1, 25, 2, 26, 3, 27, 4, 28, 5, 29, 6, 30, 15, 39, 16, 40, 18, 42, 19, 43, 0]} [1205.0125390295307, 317.6880650995578]
Temps actuel =  12:48:20
<-- end execution 5 -->
<-- start execution 6 -->
Temps actuel =  12:48:20
{1: [0, 1, 25, 2, 26, 4, 28, 8, 32, 10, 34, 12, 36, 15, 39, 16, 40, 18, 42, 22, 46, 0], 2: [0, 3, 27, 5, 29, 14, 38, 17, 41, 19, 43, 20, 44, 23, 47, 0], 3: [0, 6, 30, 7, 31, 9, 33, 11, 35, 13, 37, 21, 45, 24, 48, 0]} [1447.4802575388535, 320.46948079590834]
{1: [0, 1, 25, 2, 26, 3, 27, 11, 35, 12, 36, 14, 38, 15, 39, 16, 40, 17, 41, 20, 44, 0], 2: [0, 4, 28, 5, 29, 6, 30, 7, 31, 24, 48, 0], 3: [0, 8, 32, 9, 33, 10, 34, 13, 37, 18, 42, 19, 43, 21, 45, 22, 46, 23, 47, 0]} [1314.0543361403827, 311.68367973310774]
{1: [0, 2, 26, 3, 27, 4, 28, 5, 29, 6, 30, 8, 32, 12, 36, 13, 37, 16, 40, 19, 43, 21, 45, 23, 47, 24, 48, 0], 2: [0, 1, 25, 9, 33, 10, 34, 14, 38, 15, 39, 18, 42, 20, 44, 0], 3: [0, 7, 31, 11, 35, 17, 41, 22, 46, 0]} [1168.8832978575967, 323.8010851785779]
{1: [0, 1, 25, 2, 26, 3, 27, 4, 28, 5, 29, 6, 30, 7, 31, 12, 36, 14, 38, 18, 42, 22, 46, 23, 47, 24, 48, 0], 2: [0, 8, 32, 13, 37, 15, 39, 16, 40, 17, 41, 19, 43, 21, 45, 0], 3: [0, 9, 33, 10, 34, 11, 35, 20, 44, 0]} [1190.7367579210052, 307.86998489656526]
Temps actuel =  13:04:37
<-- end execution 6 -->
<-- start execution 7 -->
Temps actuel =  13:04:37
{1: [0, 9, 33, 13, 37, 16, 40, 19, 43, 21, 45, 22, 46, 23, 47, 0], 2: [0, 1, 25, 2, 26, 4, 28, 5, 29, 8, 32, 11, 35, 14, 38, 20, 44, 0], 3: [0, 3, 27, 6, 30, 7, 31, 10, 34, 12, 36, 15, 39, 17, 41, 18, 42, 24, 48, 0]} [1410.6305264583411, 286.32938292271444]
{1: [0, 1, 25, 4, 28, 14, 38, 0], 2: [0, 2, 26, 5, 29, 6, 30, 7, 31, 9, 33, 12, 36, 13, 37, 16, 40, 17, 41, 20, 44, 21, 45, 23, 47, 24, 48, 0], 3: [0, 3, 27, 8, 32, 10, 34, 11, 35, 15, 39, 18, 42, 19, 43, 22, 46, 0]} [1363.9097421000429, 314.93459709369233]
{1: [0, 7, 31, 8, 32, 9, 33, 14, 38, 17, 41, 20, 44, 24, 48, 0], 2: [0, 1, 25, 2, 26, 5, 29, 10, 34, 11, 35, 12, 36, 13, 37, 16, 40, 18, 42, 0], 3: [0, 3, 27, 4, 28, 6, 30, 15, 39, 19, 43, 21, 45, 22, 46, 23, 47, 0]} [1196.0051651969936, 296.9179433449121]
{1: [0, 7, 31, 9, 33, 10, 11, 34, 17, 14, 38, 35, 41, 21, 45, 0], 2: [0, 1, 25, 5, 29, 8, 32, 12, 36, 13, 37, 16, 40, 18, 42, 20, 44, 22, 46, 0], 3: [0, 2, 26, 3, 27, 4, 28, 6, 30, 15, 39, 19, 43, 23, 47, 24, 48, 0]} [1203.9685967919086, 309.22378246027495]
Temps actuel =  13:16:32
<-- end execution 7 -->
<-- start execution 1 -->
Temps actuel =  13:20:51
{1: [0, 3, 27, 8, 32, 12, 36, 13, 37, 16, 40, 22, 46, 23, 47, 24, 48, 0], 2: [0, 4, 28, 5, 29, 6, 30, 7, 31, 9, 33, 10, 34, 15, 39, 17, 41, 18, 42, 19, 43, 20, 44, 21, 45, 0], 3: [0, 1, 25, 2, 26, 11, 35, 14, 38, 0]} [1369.6258240130635, 337.16916184141127]
{1: [0, 8, 32, 9, 33, 11, 35, 17, 41, 18, 42, 20, 44, 23, 47, 24, 48, 0], 2: [0, 1, 25, 3, 27, 7, 31, 10, 34, 12, 36, 19, 43, 21, 45, 0], 3: [0, 2, 26, 4, 28, 5, 29, 6, 30, 13, 37, 14, 38, 15, 39, 16, 40, 22, 46, 0]} [1318.0412541379187, 323.8960782158236]
{1: [0, 3, 27, 8, 32, 9, 33, 10, 34, 12, 36, 13, 37, 15, 39, 16, 40, 18, 42, 21, 45, 0], 2: [0, 1, 25, 2, 26, 4, 28, 5, 29, 6, 30, 7, 31, 11, 35, 19, 43, 20, 44, 23, 47, 24, 48, 0], 3: [0, 14, 38, 17, 41, 22, 46, 0]} [1049.8944171457217, 315.6329580308675]
{1: [0, 3, 27, 8, 32, 9, 33, 10, 34, 12, 36, 13, 37, 16, 40, 18, 42, 20, 44, 21, 45, 0], 2: [0, 1, 25, 2, 26, 4, 28, 5, 29, 6, 30, 7, 31, 11, 35, 15, 39, 19, 43, 23, 47, 24, 48, 0], 3: [0, 14, 38, 17, 41, 22, 46, 0]} [1054.4262095768981, 320.164750462044]
Temps actuel =  13:36:41
<-- end execution 1 -->
<-- start execution 2 -->
Temps actuel =  13:36:41
{1: [0, 3, 27, 5, 29, 6, 30, 10, 34, 15, 39, 21, 45, 22, 46, 23, 47, 24, 48, 0], 2: [0, 1, 25, 4, 28, 8, 32, 11, 35, 12, 36, 17, 41, 18, 42, 19, 43, 20, 44, 0], 3: [0, 2, 26, 7, 31, 9, 33, 13, 37, 14, 38, 16, 40, 0]} [1390.6333521054103, 312.2507890737767]
{1: [0, 1, 25, 6, 30, 12, 36, 13, 37, 16, 40, 20, 44, 22, 46, 23, 47, 0], 2: [0, 3, 27, 7, 31, 8, 32, 9, 33, 10, 34, 14, 38, 15, 39, 18, 42, 19, 43, 21, 45, 24, 48, 0], 3: [0, 2, 26, 4, 28, 5, 29, 11, 35, 17, 41, 0]} [1327.7130553145248, 320.2587041006849]
{1: [0, 2, 26, 5, 29, 14, 38, 15, 39, 18, 42, 19, 43, 23, 47, 24, 48, 0], 2: [0, 7, 31, 9, 33, 10, 34, 17, 41, 22, 46, 0], 3: [0, 1, 25, 3, 27, 4, 28, 6, 30, 8, 32, 11, 35, 12, 36, 13, 37, 16, 40, 20, 44, 21, 45, 0]} [1210.5446135424236, 316.02278607132416]
{1: [0, 2, 26, 4, 28, 5, 29, 6, 30, 14, 38, 15, 39, 19, 43, 0], 2: [0, 7, 31, 8, 32, 9, 33, 10, 34, 12, 20, 44, 36, 21, 45, 0], 3: [0, 1, 25, 3, 27, 11, 35, 13, 37, 16, 40, 17, 41, 18, 42, 22, 46, 23, 47, 24, 48, 0]} [1215.8496419703906, 317.05256113123016]
Temps actuel =  13:48:51
<-- end execution 2 -->
<-- start execution 3 -->
Temps actuel =  13:48:51
{1: [0, 3, 27, 7, 11, 35, 31, 8, 17, 41, 32, 20, 44, 21, 45, 0], 2: [0, 2, 26, 6, 30, 9, 33, 10, 34, 12, 36, 16, 40, 18, 42, 19, 43, 24, 48, 0], 3: [0, 1, 25, 4, 28, 5, 29, 13, 37, 14, 38, 15, 39, 22, 46, 23, 47, 0]} [1334.2446229927782, 298.821158183058]
{1: [0, 5, 29, 6, 30, 9, 33, 22, 46, 23, 47, 0], 2: [0, 1, 25, 4, 28, 12, 36, 16, 40, 17, 41, 18, 42, 19, 43, 20, 44, 21, 45, 0], 3: [0, 2, 26, 3, 27, 7, 31, 8, 32, 10, 34, 11, 35, 13, 37, 14, 38, 15, 39, 24, 48, 0]} [1435.5170440962006, 323.0550600630909]
{1: [0, 2, 26, 4, 28, 5, 29, 6, 30, 12, 36, 13, 37, 16, 40, 19, 43, 21, 45, 23, 47, 24, 48, 0], 2: [0, 1, 25, 8, 32, 10, 34, 11, 35, 14, 38, 15, 39, 17, 41, 18, 42, 0], 3: [0, 3, 27, 7, 31, 9, 33, 20, 44, 22, 46, 0]} [1162.9082790020043, 293.5114706439268]
{1: [0, 2, 26, 4, 28, 5, 29, 6, 30, 12, 36, 13, 37, 16, 40, 19, 43, 20, 44, 21, 45, 23, 47, 0], 2: [0, 1, 25, 8, 32, 10, 34, 11, 35, 14, 38, 15, 39, 17, 41, 18, 42, 0], 3: [0, 3, 27, 7, 31, 9, 33, 22, 46, 24, 48, 0]} [1183.5315995565281, 314.1347911984506]
Temps actuel =  14:02:37
<-- end execution 3 -->
