<-- start execution 1 -->
Temps actuel =  16:51:22
{1: [0, 15, 63, 16, 64, 21, 69, 24, 72, 29, 77, 38, 86, 40, 88, 42, 90, 43, 91, 0], 2: [0, 1, 49, 2, 50, 5, 53, 8, 56, 13, 61, 19, 67, 34, 82, 35, 83, 0], 3: [0, 10, 58, 17, 65, 18, 66, 22, 70, 25, 73, 31, 79, 32, 80, 39, 87, 44, 92, 46, 94, 0], 4: [0, 3, 51, 6, 54, 7, 55, 12, 60, 20, 68, 23, 71, 28, 76, 37, 85, 47, 95, 0], 5: [0, 4, 52, 9, 57, 11, 59, 14, 62, 26, 74, 27, 75, 30, 78, 33, 81, 36, 84, 41, 89, 45, 93, 48, 96, 0]} [3016.635156629627, 566.1299334051477]
{1: [0, 2, 50, 6, 54, 10, 58, 25, 73, 30, 78, 32, 80, 36, 84, 45, 93, 46, 94, 0], 2: [0, 9, 57, 11, 59, 21, 69, 23, 71, 26, 74, 34, 82, 42, 90, 0], 3: [0, 1, 49, 3, 51, 5, 53, 7, 55, 13, 61, 31, 79, 33, 81, 47, 95, 48, 96, 0], 4: [0, 4, 52, 8, 56, 14, 62, 17, 65, 18, 66, 24, 72, 27, 75, 28, 76, 37, 85, 40, 88, 43, 91, 0], 5: [0, 12, 60, 15, 63, 16, 64, 19, 67, 20, 68, 22, 70, 29, 77, 35, 83, 38, 86, 39, 87, 41, 89, 44, 92, 0]} [3021.6734947491186, 556.3498322052162]
{1: [0, 1, 49, 2, 50, 4, 52, 6, 54, 17, 65, 19, 67, 22, 70, 31, 79, 37, 85, 40, 88, 46, 94, 0], 2: [0, 8, 56, 13, 61, 20, 68, 21, 69, 23, 71, 28, 76, 29, 77, 30, 78, 33, 81, 34, 82, 35, 83, 41, 89, 0], 3: [0, 9, 57, 14, 62, 24, 72, 25, 73, 26, 74, 39, 87, 43, 91, 44, 92, 47, 95, 0], 4: [0, 5, 53, 7, 55, 10, 58, 12, 60, 15, 63, 16, 64, 27, 75, 0], 5: [0, 3, 51, 11, 59, 18, 66, 32, 80, 36, 84, 38, 86, 42, 90, 45, 93, 48, 96, 0]} [2653.8443637073156, 586.78065077502]
{1: [0, 1, 49, 2, 50, 4, 52, 6, 54, 17, 65, 19, 67, 21, 69, 22, 70, 38, 86, 43, 91, 46, 94, 0], 2: [0, 11, 59, 12, 60, 13, 61, 16, 64, 20, 68, 23, 71, 28, 76, 29, 77, 30, 78, 34, 82, 35, 83, 37, 85, 0], 3: [0, 8, 56, 9, 57, 10, 58, 14, 62, 24, 72, 25, 73, 32, 80, 39, 87, 44, 92, 0], 4: [0, 5, 53, 7, 55, 15, 63, 26, 74, 27, 75, 33, 81, 47, 95, 0], 5: [0, 3, 51, 18, 66, 31, 79, 36, 84, 40, 88, 41, 89, 42, 90, 45, 93, 48, 96, 0]} [2737.285692965495, 581.4690991186108]
Temps actuel =  17:18:38
<-- end execution 1 -->
<-- start execution 2 -->
Temps actuel =  17:18:38
{1: [0, 1, 49, 13, 61, 15, 63, 20, 68, 35, 83, 46, 94, 0], 2: [0, 7, 55, 25, 73, 28, 76, 32, 80, 34, 82, 36, 84, 45, 93, 0], 3: [0, 5, 53, 8, 56, 9, 57, 11, 59, 12, 60, 14, 62, 17, 65, 18, 66, 21, 69, 22, 70, 24, 72, 26, 74, 29, 77, 30, 78, 33, 81, 39, 87, 40, 88, 42, 90, 44, 92, 48, 96, 0], 4: [0, 4, 52, 16, 64, 19, 67, 23, 71, 31, 79, 38, 86, 43, 91, 47, 95, 0], 5: [0, 2, 50, 3, 51, 6, 54, 10, 58, 27, 75, 37, 85, 41, 89, 0]} [3096.1880832153784, 564.5898320997987]
{1: [0, 3, 51, 6, 54, 25, 73, 27, 75, 31, 79, 32, 80, 36, 84, 41, 89, 0], 2: [0, 4, 52, 5, 53, 12, 60, 13, 61, 18, 66, 22, 70, 24, 72, 26, 74, 42, 90, 44, 92, 46, 94, 0], 3: [0, 2, 50, 8, 56, 16, 64, 20, 68, 23, 71, 34, 82, 35, 83, 38, 86, 40, 88, 48, 96, 0], 4: [0, 1, 49, 7, 55, 11, 59, 14, 62, 15, 63, 28, 76, 29, 77, 37, 85, 39, 87, 43, 91, 47, 95, 0], 5: [0, 9, 57, 10, 58, 17, 65, 19, 67, 21, 69, 30, 78, 33, 81, 45, 93, 0]} [3033.0652204267117, 580.8013237273008]
{1: [0, 6, 54, 15, 63, 31, 79, 39, 87, 40, 88, 41, 89, 47, 95, 48, 96, 0], 2: [0, 5, 53, 8, 56, 9, 57, 10, 58, 12, 60, 14, 62, 19, 67, 23, 71, 35, 83, 42, 90, 0], 3: [0, 4, 52, 7, 55, 11, 59, 18, 66, 24, 72, 26, 74, 36, 84, 37, 85, 38, 86, 43, 91, 45, 93, 0], 4: [0, 1, 49, 2, 50, 3, 51, 13, 61, 16, 64, 17, 65, 20, 68, 21, 69, 22, 70, 25, 73, 27, 75, 28, 76, 29, 77, 30, 78, 32, 80, 33, 81, 46, 94, 0], 5: [0, 34, 82, 44, 92, 0]} [2733.408423333533, 585.8414086725829]
{1: [0, 5, 53, 10, 58, 11, 59, 15, 63, 17, 65, 25, 73, 28, 76, 39, 87, 40, 88, 44, 92, 0], 2: [0, 1, 49, 2, 50, 14, 62, 21, 69, 26, 74, 32, 80, 34, 82, 37, 85, 41, 89, 45, 93, 47, 95, 0], 3: [0, 3, 51, 4, 52, 8, 56, 9, 57, 16, 64, 24, 72, 29, 77, 33, 81, 36, 84, 0], 4: [0, 7, 55, 12, 60, 13, 61, 18, 66, 22, 70, 23, 71, 38, 86, 42, 90, 43, 91, 0], 5: [0, 6, 54, 19, 67, 20, 68, 27, 75, 30, 78, 31, 79, 35, 83, 46, 94, 48, 96, 0]} [3008.8087292505525, 575.9801871675677]
Temps actuel =  17:46:28
<-- end execution 2 -->

<-- start execution 1 -->
Temps actuel =  17:58:18
{1: [0, 5, 53, 6, 54, 8, 56, 11, 59, 12, 60, 13, 61, 14, 62, 18, 66, 26, 74, 30, 78, 31, 79, 47, 95, 0], 2: [0, 1, 49, 21, 69, 27, 75, 36, 84, 40, 88, 45, 93, 0], 3: [0, 10, 58, 19, 67, 20, 68, 24, 72, 25, 73, 34, 82, 35, 83, 38, 86, 39, 87, 41, 89, 46, 94, 48, 96, 0], 4: [0, 2, 50, 3, 51, 7, 55, 17, 65, 22, 70, 23, 71, 28, 76, 29, 77, 32, 80, 37, 85, 43, 91, 0], 5: [0, 4, 52, 9, 57, 15, 63, 16, 64, 33, 81, 42, 90, 44, 92, 0]} [3101.5387943261785, 577.9104940875476]
{1: [0, 2, 50, 3, 51, 10, 58, 16, 64, 19, 67, 20, 68, 24, 72, 32, 80, 37, 85, 40, 88, 45, 93, 0], 2: [0, 4, 52, 12, 60, 14, 62, 15, 63, 22, 70, 23, 71, 34, 82, 42, 90, 44, 92, 48, 96, 0], 3: [0, 7, 55, 17, 65, 25, 73, 26, 74, 30, 78, 46, 94, 0], 4: [0, 1, 49, 5, 53, 11, 59, 13, 61, 18, 66, 21, 69, 27, 75, 35, 83, 38, 86, 0], 5: [0, 6, 54, 8, 56, 9, 57, 28, 76, 29, 77, 31, 79, 33, 81, 36, 84, 39, 87, 41, 89, 43, 91, 47, 95, 0]} [3090.7239750352737, 579.6898423779251]
{1: [0, 6, 54, 7, 55, 10, 58, 14, 62, 15, 63, 16, 64, 18, 66, 22, 70, 28, 76, 30, 78, 31, 79, 35, 83, 37, 85, 46, 94, 47, 95, 0], 2: [0, 11, 32, 80, 59, 13, 34, 82, 61, 43, 91, 0], 3: [0, 1, 49, 2, 50, 3, 51, 5, 53, 20, 68, 23, 71, 24, 72, 27, 75, 33, 81, 36, 84, 39, 87, 48, 96, 0], 4: [0, 9, 57, 12, 60, 17, 65, 21, 69, 26, 74, 29, 77, 38, 86, 40, 88, 42, 90, 44, 92, 0], 5: [0, 4, 52, 8, 56, 19, 67, 25, 73, 41, 89, 45, 93, 0]} [2730.0111467479105, 572.7132848507975]
{1: [0, 1, 49, 4, 52, 6, 54, 9, 57, 15, 63, 17, 65, 23, 71, 24, 72, 26, 74, 27, 75, 29, 77, 40, 88, 45, 93, 46, 94, 47, 95, 0], 2: [0, 3, 51, 11, 19, 59, 67, 43, 16, 64, 91, 0], 3: [0, 2, 50, 7, 55, 12, 60, 18, 66, 21, 69, 33, 81, 36, 84, 37, 85, 41, 89, 42, 90, 44, 92, 48, 96, 0], 4: [0, 5, 53, 10, 58, 13, 61, 28, 76, 30, 78, 31, 79, 32, 80, 34, 82, 35, 83, 38, 86, 0], 5: [0, 8, 56, 14, 22, 20, 62, 68, 70, 25, 73, 39, 87, 0]} [2757.5811304421222, 563.8702147012581]
Temps actuel =  18:31:14
<-- end execution 1 -->
<-- start execution 1 -->
Temps actuel =  20:33:11
{1: [0, 1, 49, 7, 55, 13, 61, 25, 73, 34, 82, 45, 93, 47, 95, 48, 96, 0], 2: [0, 2, 50, 5, 53, 9, 57, 16, 64, 18, 66, 31, 79, 38, 86, 39, 87, 0], 3: [0, 3, 51, 10, 58, 14, 62, 20, 68, 21, 69, 22, 70, 23, 71, 27, 75, 32, 80, 33, 81, 36, 84, 37, 85, 41, 89, 42, 90, 44, 92, 0], 4: [0, 4, 52, 6, 54, 8, 56, 12, 60, 24, 72, 26, 74, 28, 76, 30, 78, 43, 91, 0], 5: [0, 11, 59, 15, 63, 17, 65, 19, 67, 29, 77, 35, 83, 40, 88, 46, 94, 0]} [3054.7780596030057, 581.7137885749106]
{1: [0, 5, 53, 14, 62, 15, 63, 21, 69, 30, 78, 37, 85, 40, 88, 41, 89, 0], 2: [0, 4, 52, 8, 56, 19, 67, 20, 68, 26, 74, 33, 81, 34, 82, 35, 83, 45, 93, 0], 3: [0, 1, 49, 7, 55, 18, 66, 29, 77, 38, 86, 39, 87, 42, 90, 44, 92, 46, 94, 48, 96, 0], 4: [0, 2, 50, 9, 57, 12, 60, 13, 61, 17, 65, 22, 70, 23, 71, 27, 75, 28, 76, 31, 79, 36, 84, 43, 91, 0], 5: [0, 3, 51, 6, 54, 10, 58, 11, 59, 16, 64, 24, 72, 25, 73, 32, 80, 47, 95, 0]} [3040.578264783052, 580.1136678297786]
{1: [0, 1, 49, 7, 55, 10, 58, 15, 63, 18, 66, 22, 70, 26, 74, 29, 77, 31, 79, 33, 81, 35, 83, 46, 94, 0], 2: [0, 3, 51, 12, 60, 13, 61, 14, 62, 16, 64, 20, 68, 42, 90, 48, 96, 0], 3: [0, 2, 50, 4, 52, 6, 54, 11, 59, 21, 69, 25, 73, 34, 82, 36, 84, 43, 91, 44, 92, 0], 4: [0, 8, 56, 27, 75, 38, 86, 41, 89, 45, 93, 47, 95, 0], 5: [0, 5, 53, 9, 57, 17, 65, 19, 67, 23, 71, 24, 72, 28, 76, 30, 78, 32, 80, 37, 85, 39, 87, 40, 88, 0]} [2744.671813225987, 577.8608000389158]
{1: [0, 1, 49, 7, 55, 10, 58, 15, 63, 18, 66, 22, 70, 26, 74, 29, 77, 31, 79, 33, 81, 35, 83, 46, 94, 0], 2: [0, 3, 51, 12, 60, 13, 61, 14, 62, 16, 64, 20, 68, 42, 90, 48, 96, 0], 3: [0, 2, 50, 4, 52, 6, 54, 11, 59, 21, 69, 25, 73, 34, 82, 36, 84, 43, 91, 44, 92, 0], 4: [0, 8, 56, 24, 72, 38, 86, 41, 89, 45, 93, 47, 95, 0], 5: [0, 5, 53, 9, 57, 17, 65, 19, 67, 23, 71, 27, 75, 28, 76, 30, 78, 32, 80, 37, 85, 39, 87, 40, 88, 0]} [2770.327816487109, 573.6336151005178]
Temps actuel =  20:59:36
<-- end execution 1 -->
<-- start execution 2 -->
Temps actuel =  20:59:36
{1: [0, 5, 53, 9, 57, 19, 67, 25, 73, 26, 74, 30, 78, 34, 82, 39, 87, 40, 88, 0], 2: [0, 2, 50, 7, 55, 10, 58, 11, 59, 12, 60, 13, 61, 18, 66, 28, 76, 35, 83, 38, 86, 42, 90, 44, 92, 47, 95, 0], 3: [0, 14, 62, 15, 63, 16, 64, 17, 65, 20, 68, 24, 72, 29, 77, 31, 79, 32, 80, 33, 81, 36, 84, 48, 96, 0], 4: [0, 1, 49, 3, 51, 4, 52, 6, 54, 21, 69, 23, 71, 41, 89, 45, 93, 0], 5: [0, 8, 56, 22, 70, 27, 75, 37, 85, 43, 91, 46, 94, 0]} [3049.131499119637, 606.4227548495335]
{1: [0, 4, 52, 5, 53, 9, 57, 13, 61, 15, 63, 16, 64, 24, 72, 26, 74, 30, 78, 33, 81, 37, 85, 43, 91, 44, 92, 0], 2: [0, 6, 54, 8, 56, 11, 59, 12, 60, 14, 62, 19, 67, 41, 89, 42, 90, 0], 3: [0, 1, 49, 2, 50, 3, 51, 10, 58, 20, 68, 21, 69, 22, 70, 23, 71, 27, 75, 31, 79, 34, 82, 39, 87, 40, 88, 46, 94, 0], 4: [0, 17, 65, 18, 66, 25, 73, 29, 77, 32, 80, 35, 83, 45, 93, 48, 96, 0], 5: [0, 7, 55, 28, 76, 36, 84, 38, 86, 47, 95, 0]} [3093.2632299295365, 587.5573895754931]
{1: [0, 4, 52, 6, 54, 17, 65, 26, 74, 41, 89, 0], 2: [0, 11, 59, 21, 69, 29, 77, 32, 80, 38, 86, 44, 92, 45, 93, 0], 3: [0, 1, 49, 2, 50, 5, 53, 12, 60, 14, 62, 23, 71, 25, 73, 28, 76, 36, 84, 40, 88, 42, 90, 46, 94, 48, 96, 0], 4: [0, 3, 51, 8, 56, 10, 58, 16, 64, 18, 66, 20, 68, 22, 70, 24, 72, 31, 79, 34, 82, 47, 95, 0], 5: [0, 7, 55, 9, 57, 13, 61, 15, 63, 19, 67, 27, 75, 30, 78, 33, 81, 35, 83, 37, 85, 39, 87, 43, 91, 0]} [2760.410821546616, 583.3323330908368]
{1: [0, 19, 67, 27, 75, 29, 77, 30, 78, 32, 80, 34, 82, 40, 88, 48, 96, 0], 2: [0, 4, 52, 9, 57, 14, 62, 15, 63, 23, 71, 38, 86, 41, 89, 47, 95, 0], 3: [0, 7, 55, 12, 60, 13, 61, 16, 64, 22, 70, 24, 72, 26, 74, 36, 84, 37, 85, 44, 92, 45, 93, 46, 94, 0], 4: [0, 1, 49, 2, 50, 3, 51, 5, 53, 17, 65, 25, 73, 28, 76, 35, 83, 39, 87, 0], 5: [0, 6, 54, 8, 56, 10, 58, 11, 59, 18, 66, 20, 68, 21, 69, 31, 79, 33, 81, 42, 90, 43, 91, 0]} [2888.392133243311, 594.5648146631797]
Temps actuel =  21:26:34
<-- end execution 2 -->
<-- start execution 3 -->
Temps actuel =  21:26:34
{1: [0, 1, 49, 4, 52, 12, 60, 14, 62, 18, 66, 21, 69, 36, 84, 37, 85, 38, 86, 44, 92, 45, 93, 0], 2: [0, 23, 71, 30, 78, 33, 81, 39, 87, 40, 88, 41, 89, 46, 94, 0], 3: [0, 8, 56, 11, 59, 13, 61, 16, 64, 17, 65, 19, 67, 22, 70, 27, 75, 28, 76, 34, 82, 35, 83, 42, 90, 43, 91, 0], 4: [0, 3, 51, 7, 55, 15, 63, 26, 74, 29, 77, 32, 80, 0], 5: [0, 2, 50, 5, 53, 6, 54, 9, 57, 10, 58, 20, 68, 24, 72, 25, 73, 31, 79, 47, 95, 48, 96, 0]} [2971.512295034191, 560.083128688566]
{1: [0, 1, 49, 9, 57, 22, 70, 27, 75, 29, 77, 30, 78, 35, 83, 36, 84, 47, 95, 48, 96, 0], 2: [0, 2, 50, 3, 51, 10, 58, 17, 65, 18, 66, 23, 71, 24, 72, 40, 88, 42, 90, 44, 92, 0], 3: [0, 5, 53, 15, 63, 20, 68, 33, 81, 34, 82, 39, 87, 41, 89, 0], 4: [0, 12, 60, 14, 62, 16, 64, 19, 67, 21, 69, 25, 73, 28, 76, 31, 79, 32, 80, 38, 86, 0], 5: [0, 4, 52, 6, 54, 7, 55, 8, 56, 11, 59, 13, 61, 26, 74, 37, 85, 43, 91, 45, 93, 46, 94, 0]} [2932.2325215132214, 563.8030056469141]
{1: [0, 4, 52, 5, 53, 16, 64, 21, 69, 33, 81, 36, 84, 37, 85, 0], 2: [0, 6, 54, 7, 55, 9, 57, 11, 59, 13, 61, 17, 65, 18, 66, 19, 67, 22, 70, 23, 71, 24, 72, 28, 76, 31, 79, 41, 89, 45, 93, 47, 95, 0], 3: [0, 12, 60, 27, 75, 30, 78, 35, 83, 42, 90, 0], 4: [0, 3, 51, 8, 56, 14, 62, 20, 68, 29, 77, 38, 86, 43, 91, 46, 94, 48, 96, 0], 5: [0, 1, 49, 2, 50, 10, 58, 15, 63, 25, 73, 26, 74, 32, 80, 34, 82, 39, 87, 40, 88, 44, 92, 0]} [2654.3583534972313, 571.4777037216534]
{1: [0, 4, 52, 5, 53, 16, 64, 21, 69, 33, 81, 36, 84, 37, 85, 0], 2: [0, 6, 54, 7, 55, 9, 57, 11, 59, 13, 61, 17, 65, 18, 66, 19, 67, 22, 70, 23, 71, 24, 72, 28, 76, 31, 79, 41, 89, 44, 92, 47, 95, 0], 3: [0, 12, 60, 27, 75, 30, 78, 35, 83, 42, 90, 0], 4: [0, 3, 51, 8, 56, 14, 62, 20, 68, 29, 77, 38, 86, 43, 91, 46, 94, 48, 96, 0], 5: [0, 1, 49, 2, 50, 10, 58, 15, 63, 25, 73, 26, 74, 32, 80, 34, 82, 39, 87, 40, 88, 45, 93, 0]} [2659.2401510112263, 576.3595012356485]
Temps actuel =  21:53:36
<-- end execution 3 -->
<-- start execution 4 -->
Temps actuel =  21:53:36
{1: [0, 32, 80, 35, 83, 37, 85, 38, 86, 0], 2: [0, 4, 52, 6, 54, 12, 60, 13, 61, 22, 70, 28, 76, 31, 79, 34, 82, 45, 93, 47, 95, 0], 3: [0, 1, 49, 2, 50, 3, 51, 10, 58, 11, 59, 23, 71, 33, 81, 41, 89, 44, 92, 46, 94, 48, 96, 0], 4: [0, 5, 53, 8, 56, 9, 57, 15, 63, 17, 65, 20, 68, 24, 72, 25, 73, 27, 75, 29, 77, 39, 87, 40, 88, 42, 90, 0], 5: [0, 7, 55, 14, 62, 16, 64, 18, 66, 19, 67, 21, 69, 26, 74, 30, 78, 36, 84, 43, 91, 0]} [3108.9891676393836, 581.2676976860167]
{1: [0, 1, 49, 2, 50, 7, 55, 15, 63, 22, 70, 23, 71, 25, 73, 40, 88, 47, 95, 0], 2: [0, 4, 52, 5, 53, 9, 57, 13, 61, 14, 62, 21, 69, 26, 74, 28, 76, 29, 77, 34, 82, 36, 84, 37, 85, 39, 87, 42, 90, 43, 91, 45, 93, 0], 3: [0, 3, 51, 10, 58, 11, 59, 27, 75, 31, 79, 41, 89, 0], 4: [0, 6, 54, 12, 60, 16, 64, 18, 66, 20, 68, 24, 72, 30, 78, 46, 94, 0], 5: [0, 8, 56, 17, 65, 19, 67, 32, 80, 33, 81, 35, 83, 38, 86, 44, 92, 48, 96, 0]} [3006.303315583249, 586.781593824861]
{1: [0, 29, 77, 32, 80, 0], 2: [0, 3, 51, 15, 63, 16, 64, 22, 70, 23, 71, 36, 84, 37, 85, 38, 86, 40, 88, 42, 90, 47, 95, 0], 3: [0, 1, 49, 2, 50, 4, 52, 5, 53, 9, 57, 11, 59, 12, 60, 21, 69, 28, 76, 31, 79, 33, 81, 34, 82, 44, 92, 46, 94, 48, 96, 0], 4: [0, 6, 54, 7, 55, 10, 58, 17, 65, 19, 67, 25, 73, 26, 74, 27, 75, 39, 87, 45, 93, 0], 5: [0, 8, 56, 13, 61, 14, 62, 18, 66, 20, 68, 24, 72, 30, 78, 35, 83, 41, 89, 43, 91, 0]} [2544.278479204463, 618.0526012215391]
{1: [0, 36, 84, 40, 88, 0], 2: [0, 2, 50, 10, 58, 12, 60, 15, 63, 23, 71, 32, 80, 35, 83, 38, 86, 41, 89, 42, 90, 44, 92, 0], 3: [0, 5, 53, 7, 55, 9, 57, 14, 62, 17, 65, 19, 67, 20, 68, 21, 69, 26, 74, 29, 77, 37, 85, 43, 91, 45, 93, 47, 95, 48, 96, 0], 4: [0, 3, 51, 11, 59, 13, 61, 16, 64, 24, 72, 27, 75, 28, 76, 30, 78, 31, 79, 33, 81, 0], 5: [0, 1, 49, 4, 52, 6, 54, 8, 56, 18, 66, 22, 70, 25, 73, 34, 82, 39, 87, 46, 94, 0]} [2649.4012047134984, 583.5756651435744]
Temps actuel =  22:24:20
<-- end execution 4 -->
<-- start execution 5 -->
Temps actuel =  22:24:20
{1: [0, 13, 61, 18, 66, 26, 74, 27, 75, 29, 77, 33, 81, 38, 86, 40, 88, 48, 96, 0], 2: [0, 5, 53, 14, 62, 15, 63, 21, 69, 30, 78, 31, 79, 34, 82, 37, 85, 41, 89, 0], 3: [0, 10, 58, 17, 65, 22, 70, 23, 71, 28, 76, 43, 91, 0], 4: [0, 3, 51, 7, 55, 8, 56, 9, 57, 12, 60, 19, 67, 20, 68, 24, 72, 25, 73, 32, 80, 35, 83, 39, 87, 46, 94, 0], 5: [0, 1, 49, 2, 50, 4, 52, 6, 54, 11, 59, 16, 64, 36, 84, 42, 90, 44, 92, 45, 93, 47, 95, 0]} [3077.2725064255646, 594.716423779881]
{1: [0, 1, 49, 12, 60, 13, 61, 16, 64, 18, 66, 23, 71, 35, 83, 37, 85, 38, 86, 45, 93, 0], 2: [0, 6, 54, 7, 55, 9, 57, 17, 65, 21, 69, 26, 74, 29, 77, 32, 80, 33, 81, 34, 82, 40, 88, 41, 89, 44, 92, 46, 94, 0], 3: [0, 5, 53, 8, 56, 14, 62, 15, 63, 22, 70, 27, 75, 28, 76, 31, 79, 43, 91, 48, 96, 0], 4: [0, 10, 58, 19, 67, 20, 68, 25, 73, 30, 78, 36, 84, 42, 90, 47, 95, 0], 5: [0, 2, 50, 3, 51, 4, 52, 11, 59, 24, 72, 39, 87, 0]} [3082.9256562438977, 592.1303624766464]
{1: [0, 4, 52, 5, 53, 15, 63, 16, 64, 24, 72, 28, 76, 33, 81, 35, 83, 43, 91, 0], 2: [0, 18, 66, 19, 67, 20, 68, 44, 92, 48, 96, 0], 3: [0, 1, 49, 6, 54, 9, 57, 10, 58, 32, 80, 37, 85, 0], 4: [0, 3, 51, 8, 56, 11, 59, 12, 60, 13, 61, 17, 65, 21, 69, 23, 71, 26, 74, 31, 79, 34, 82, 39, 87, 40, 88, 41, 89, 42, 90, 45, 93, 47, 95, 0], 5: [0, 2, 50, 7, 55, 14, 62, 22, 70, 25, 73, 27, 75, 29, 77, 30, 78, 36, 84, 38, 86, 46, 94, 0]} [2774.8447344919814, 594.6227145241794]
{1: [0, 13, 61, 18, 66, 0], 2: [0, 9, 57, 12, 60, 26, 74, 31, 79, 37, 85, 39, 87, 43, 91, 46, 94, 48, 96, 0], 3: [0, 1, 49, 2, 50, 7, 55, 10, 58, 11, 59, 15, 63, 20, 68, 21, 69, 25, 73, 27, 75, 33, 81, 35, 83, 47, 95, 0], 4: [0, 3, 51, 4, 52, 6, 54, 8, 56, 14, 62, 16, 64, 17, 65, 19, 67, 22, 70, 32, 80, 34, 82, 36, 84, 40, 88, 41, 89, 42, 90, 44, 92, 45, 93, 0], 5: [0, 5, 53, 23, 71, 24, 72, 28, 76, 29, 77, 30, 78, 38, 86, 0]} [2821.655775070002, 579.7376694250917]
Temps actuel =  22:52:08
<-- end execution 5 -->
<-- start execution 6 -->
Temps actuel =  22:52:08
{1: [0, 8, 56, 13, 61, 16, 64, 23, 71, 27, 75, 32, 80, 34, 82, 38, 86, 41, 89, 44, 92, 45, 93, 0], 2: [0, 2, 50, 3, 51, 18, 66, 24, 72, 25, 73, 33, 81, 42, 90, 0], 3: [0, 7, 55, 10, 58, 11, 59, 12, 60, 14, 62, 15, 63, 20, 68, 22, 70, 30, 78, 31, 79, 43, 91, 0], 4: [0, 6, 54, 17, 65, 26, 74, 29, 77, 35, 83, 37, 85, 39, 87, 40, 88, 47, 95, 48, 96, 0], 5: [0, 1, 49, 4, 52, 5, 53, 9, 57, 19, 67, 21, 69, 28, 76, 36, 84, 46, 94, 0]} [3031.436873504703, 586.7568699490689]
{1: [0, 5, 53, 24, 72, 25, 73, 27, 75, 31, 79, 40, 88, 42, 90, 43, 91, 0], 2: [0, 8, 56, 10, 58, 11, 59, 13, 61, 14, 62, 16, 64, 17, 65, 18, 66, 19, 67, 22, 70, 35, 83, 36, 84, 41, 89, 0], 3: [0, 7, 55, 15, 63, 20, 68, 23, 71, 30, 78, 37, 85, 44, 92, 47, 95, 0], 4: [0, 3, 51, 4, 52, 9, 57, 12, 60, 28, 76, 29, 77, 38, 86, 45, 93, 46, 94, 48, 96, 0], 5: [0, 1, 49, 2, 50, 6, 54, 21, 69, 26, 74, 32, 80, 33, 81, 34, 82, 39, 87, 0]} [2974.3868032963205, 546.1783371790066]
{1: [0, 11, 59, 40, 88, 42, 90, 43, 91, 44, 92, 45, 93, 0], 2: [0, 3, 51, 13, 61, 15, 63, 17, 65, 21, 69, 23, 71, 24, 72, 25, 73, 38, 86, 41, 89, 48, 96, 0], 3: [0, 5, 53, 6, 54, 19, 67, 29, 77, 31, 79, 35, 83, 37, 85, 39, 87, 46, 94, 47, 95, 0], 4: [0, 1, 49, 4, 52, 8, 56, 9, 57, 22, 70, 28, 76, 33, 81, 34, 82, 0], 5: [0, 2, 50, 7, 55, 10, 58, 12, 60, 14, 62, 16, 64, 18, 66, 20, 68, 26, 74, 27, 75, 30, 78, 32, 80, 36, 84, 0]} [2689.899073339321, 548.4804833034459]
{1: [0, 11, 59, 40, 88, 42, 90, 43, 91, 44, 92, 45, 93, 0], 2: [0, 3, 51, 13, 61, 15, 63, 17, 65, 21, 69, 23, 71, 24, 72, 25, 73, 34, 82, 41, 89, 48, 96, 0], 3: [0, 5, 53, 6, 54, 19, 67, 29, 77, 31, 79, 35, 83, 37, 85, 39, 87, 46, 94, 47, 95, 0], 4: [0, 1, 49, 4, 52, 8, 56, 9, 57, 22, 70, 28, 76, 33, 81, 38, 86, 0], 5: [0, 2, 50, 7, 55, 10, 58, 12, 60, 14, 62, 16, 64, 18, 66, 20, 68, 26, 74, 27, 75, 30, 78, 32, 80, 36, 84, 0]} [2693.083011042322, 551.664421006447]
Temps actuel =  23:18:40
<-- end execution 6 -->
<-- start execution 7 -->
Temps actuel =  23:18:40
{1: [0, 4, 52, 9, 57, 15, 63, 16, 64, 19, 67, 22, 70, 30, 78, 33, 81, 40, 88, 47, 95, 48, 96, 0], 2: [0, 3, 51, 6, 54, 11, 59, 12, 60, 14, 62, 21, 69, 23, 71, 24, 72, 37, 85, 45, 93, 0], 3: [0, 5, 53, 10, 58, 20, 68, 27, 75, 31, 79, 32, 80, 34, 82, 35, 83, 36, 84, 42, 90, 43, 91, 44, 92, 0], 4: [0, 7, 55, 13, 61, 17, 65, 38, 86, 46, 94, 0], 5: [0, 1, 49, 2, 50, 8, 56, 18, 66, 25, 73, 26, 74, 28, 76, 29, 77, 39, 87, 41, 89, 0]} [3000.993085358292, 557.6122060063824]
{1: [0, 11, 59, 14, 62, 15, 63, 19, 67, 33, 81, 0], 2: [0, 2, 50, 4, 52, 6, 54, 7, 55, 13, 61, 21, 69, 30, 78, 32, 80, 38, 86, 40, 88, 42, 90, 48, 96, 0], 3: [0, 3, 51, 10, 58, 17, 65, 22, 70, 23, 71, 25, 73, 27, 75, 28, 76, 35, 83, 44, 92, 0], 4: [0, 1, 49, 5, 53, 8, 56, 12, 60, 24, 72, 26, 74, 43, 91, 46, 94, 0], 5: [0, 9, 57, 16, 64, 18, 66, 20, 68, 29, 77, 31, 79, 34, 82, 36, 84, 37, 85, 39, 87, 41, 89, 45, 93, 47, 95, 0]} [2986.5405586387114, 580.5128345915755]
{1: [0, 1, 49, 2, 50, 6, 54, 7, 55, 10, 58, 17, 65, 18, 66, 36, 84, 38, 86, 40, 88, 41, 89, 44, 92, 46, 94, 47, 95, 0], 2: [0, 15, 63, 23, 71, 25, 73, 29, 77, 37, 85, 39, 87, 43, 91, 45, 93, 48, 96, 0], 3: [0, 8, 56, 11, 59, 12, 60, 14, 62, 19, 67, 21, 69, 24, 72, 28, 76, 33, 81, 42, 90, 0], 4: [0, 3, 51, 13, 61, 20, 68, 30, 78, 31, 79, 34, 82, 35, 83, 0], 5: [0, 4, 52, 5, 53, 9, 57, 16, 64, 22, 70, 26, 74, 27, 75, 32, 80, 0]} [2615.7713975369957, 586.1171740968299]
{1: [0, 1, 49, 2, 50, 6, 54, 7, 55, 10, 58, 17, 65, 18, 66, 23, 71, 36, 84, 40, 88, 44, 92, 45, 93, 46, 94, 47, 95, 0], 2: [0, 15, 63, 25, 73, 27, 75, 29, 77, 37, 85, 38, 86, 39, 87, 43, 91, 48, 96, 0], 3: [0, 8, 56, 11, 59, 12, 60, 14, 62, 19, 67, 21, 69, 24, 72, 28, 76, 33, 81, 42, 90, 0], 4: [0, 3, 51, 13, 61, 20, 68, 30, 78, 31, 79, 34, 82, 35, 83, 0], 5: [0, 4, 52, 5, 53, 9, 57, 16, 64, 22, 70, 26, 74, 32, 80, 41, 89, 0]} [2620.502852429384, 590.8486289892181]
Temps actuel =  23:45:51
<-- end execution 7 -->
<-- start execution 8 -->
Temps actuel =  23:45:51
{1: [0, 6, 54, 8, 56, 11, 59, 23, 71, 29, 77, 32, 80, 38, 86, 39, 87, 40, 88, 47, 95, 0], 2: [0, 1, 49, 14, 62, 25, 73, 35, 83, 37, 85, 44, 92, 48, 96, 0], 3: [0, 2, 50, 15, 63, 16, 64, 17, 65, 19, 67, 21, 69, 22, 70, 28, 76, 30, 78, 31, 79, 41, 89, 42, 90, 0], 4: [0, 5, 53, 7, 55, 9, 57, 10, 58, 18, 66, 24, 72, 33, 81, 34, 82, 43, 91, 45, 93, 0], 5: [0, 3, 51, 4, 52, 12, 60, 13, 61, 20, 68, 26, 74, 27, 75, 36, 84, 46, 94, 0]} [3027.693766113872, 581.0855657630466]
{1: [0, 2, 50, 3, 51, 4, 52, 12, 60, 20, 68, 27, 75, 33, 81, 37, 85, 0], 2: [0, 5, 53, 7, 55, 22, 70, 24, 72, 25, 73, 26, 74, 35, 83, 40, 88, 42, 90, 45, 93, 46, 94, 0], 3: [0, 1, 49, 6, 54, 8, 56, 9, 57, 11, 59, 13, 61, 16, 64, 21, 69, 30, 78, 34, 82, 38, 86, 43, 91, 47, 95, 0], 4: [0, 15, 63, 18, 66, 19, 67, 23, 71, 28, 76, 29, 77, 39, 87, 44, 92, 48, 96, 0], 5: [0, 10, 58, 14, 62, 17, 65, 31, 79, 32, 80, 36, 84, 41, 89, 0]} [3069.5403667914043, 565.9055844717956]
{1: [0, 1, 49, 2, 50, 3, 51, 4, 52, 6, 54, 7, 55, 11, 59, 15, 63, 18, 66, 22, 70, 26, 74, 41, 89, 45, 93, 0], 2: [0, 5, 53, 9, 57, 10, 58, 16, 64, 19, 67, 28, 76, 33, 81, 34, 82, 40, 88, 44, 92, 0], 3: [0, 13, 61, 20, 68, 24, 72, 25, 73, 27, 75, 30, 78, 31, 79, 32, 80, 36, 84, 37, 85, 42, 90, 0], 4: [0, 21, 69, 29, 77, 38, 86, 39, 87, 43, 91, 47, 95, 48, 96, 0], 5: [0, 8, 56, 12, 60, 14, 62, 17, 65, 23, 71, 35, 83, 46, 94, 0]} [2799.9671933006393, 561.1142525336554]
{1: [0, 1, 49, 2, 50, 3, 51, 4, 52, 6, 54, 7, 55, 11, 59, 15, 63, 18, 66, 22, 70, 31, 79, 36, 84, 37, 85, 47, 95, 0], 2: [0, 5, 53, 9, 57, 10, 58, 16, 64, 19, 67, 25, 73, 26, 74, 33, 81, 35, 83, 39, 87, 41, 89, 43, 91, 0], 3: [0, 13, 61, 20, 68, 24, 72, 42, 90, 46, 94, 0], 4: [0, 8, 56, 21, 69, 28, 76, 29, 77, 32, 80, 40, 88, 44, 92, 45, 93, 48, 96, 0], 5: [0, 12, 60, 14, 62, 17, 65, 23, 71, 27, 75, 30, 78, 34, 82, 38, 86, 0]} [2841.0437159776684, 601.2978848167053]
Temps actuel =  00:12:03
<-- end execution 8 -->
<-- start execution 9 -->
Temps actuel =  00:12:03
{1: [0, 3, 51, 5, 53, 7, 55, 8, 56, 11, 59, 16, 64, 19, 67, 26, 74, 33, 81, 34, 82, 35, 83, 43, 91, 47, 95, 0], 2: [0, 2, 50, 12, 60, 36, 84, 40, 88, 41, 89, 42, 90, 0], 3: [0, 4, 52, 13, 61, 15, 63, 22, 70, 24, 72, 30, 78, 39, 87, 45, 93, 48, 96, 0], 4: [0, 1, 49, 6, 54, 10, 58, 21, 69, 25, 73, 29, 77, 32, 80, 38, 86, 0], 5: [0, 9, 57, 14, 62, 17, 65, 18, 66, 20, 68, 23, 71, 27, 75, 28, 76, 31, 79, 37, 85, 44, 92, 46, 94, 0]} [3057.242443873655, 592.0547640283185]
{1: [0, 2, 50, 13, 61, 15, 63, 28, 76, 29, 77, 0], 2: [0, 1, 49, 12, 60, 22, 70, 26, 74, 36, 84, 43, 91, 48, 96, 0], 3: [0, 5, 53, 9, 57, 11, 59, 16, 64, 19, 67, 21, 69, 23, 71, 24, 72, 30, 78, 32, 80, 34, 82, 41, 89, 46, 94, 47, 95, 0], 4: [0, 3, 51, 4, 52, 6, 54, 10, 58, 14, 62, 31, 79, 33, 81, 37, 85, 38, 86, 40, 88, 42, 90, 44, 92, 0], 5: [0, 7, 55, 8, 56, 17, 65, 18, 66, 20, 68, 25, 73, 27, 75, 35, 83, 39, 87, 45, 93, 0]} [3089.2155629865283, 592.7066825378295]
{1: [0, 12, 60, 13, 61, 16, 64, 36, 84, 39, 87, 43, 91, 48, 96, 0], 2: [0, 6, 54, 7, 55, 14, 62, 21, 69, 22, 70, 23, 71, 24, 72, 28, 76, 33, 81, 34, 82, 42, 90, 45, 93, 0], 3: [0, 1, 49, 2, 50, 4, 52, 9, 57, 15, 63, 17, 65, 19, 67, 46, 94, 0], 4: [0, 3, 51, 5, 53, 8, 56, 10, 58, 18, 66, 25, 73, 26, 74, 32, 80, 37, 85, 41, 89, 44, 92, 47, 95, 0], 5: [0, 11, 59, 20, 68, 27, 75, 29, 77, 30, 78, 31, 79, 35, 83, 38, 86, 40, 88, 0]} [2681.1037233250245, 586.4311826595399]
{1: [0, 12, 60, 13, 61, 16, 64, 19, 67, 39, 87, 42, 90, 43, 91, 0], 2: [0, 6, 54, 7, 55, 14, 62, 21, 69, 22, 70, 23, 71, 24, 72, 28, 76, 33, 81, 34, 82, 36, 84, 45, 93, 0], 3: [0, 2, 50, 4, 52, 9, 57, 15, 63, 17, 65, 30, 78, 46, 94, 47, 95, 0], 4: [0, 1, 49, 3, 51, 5, 53, 8, 56, 10, 58, 18, 66, 25, 73, 26, 74, 37, 85, 41, 89, 44, 92, 48, 96, 0], 5: [0, 11, 59, 20, 68, 27, 75, 29, 77, 31, 79, 32, 80, 35, 83, 38, 86, 40, 88, 0]} [2738.4216744603355, 571.2093853805588]
Temps actuel =  00:37:25
<-- end execution 9 -->
<-- start execution 10 -->
Temps actuel =  00:37:25
{1: [0, 10, 58, 15, 63, 20, 68, 26, 74, 34, 82, 38, 86, 40, 88, 41, 89, 45, 93, 47, 95, 48, 96, 0], 2: [0, 3, 51, 4, 52, 7, 55, 8, 56, 17, 65, 19, 67, 23, 71, 24, 72, 29, 77, 30, 78, 32, 80, 42, 90, 0], 3: [0, 1, 49, 6, 54, 13, 61, 16, 64, 25, 73, 27, 75, 33, 81, 0], 4: [0, 2, 50, 5, 53, 9, 57, 12, 60, 22, 70, 36, 84, 39, 87, 0], 5: [0, 11, 59, 14, 62, 18, 66, 21, 69, 28, 76, 31, 79, 35, 83, 37, 85, 43, 91, 44, 92, 46, 94, 0]} [2970.2223807201344, 592.6514941635766]
{1: [0, 8, 56, 17, 65, 21, 69, 23, 71, 24, 72, 25, 73, 26, 74, 37, 85, 40, 88, 0], 2: [0, 7, 55, 14, 62, 27, 75, 34, 82, 35, 83, 46, 94, 0], 3: [0, 5, 53, 10, 58, 12, 60, 16, 64, 19, 67, 30, 78, 31, 79, 32, 80, 43, 91, 44, 92, 0], 4: [0, 3, 51, 4, 52, 6, 54, 11, 59, 28, 76, 33, 81, 36, 84, 45, 93, 0], 5: [0, 1, 49, 2, 50, 9, 57, 13, 61, 15, 63, 18, 66, 20, 68, 22, 70, 29, 77, 38, 86, 39, 87, 41, 89, 42, 90, 47, 95, 48, 96, 0]} [3022.6595127182527, 582.4320772557812]
{1: [0, 5, 53, 10, 58, 15, 63, 19, 67, 20, 68, 23, 71, 25, 73, 27, 75, 30, 78, 31, 79, 42, 90, 43, 91, 44, 92, 46, 94, 0], 2: [0, 8, 56, 14, 62, 21, 69, 24, 72, 28, 76, 32, 80, 45, 93, 47, 95, 0], 3: [0, 2, 50, 3, 51, 7, 55, 9, 57, 16, 64, 17, 65, 22, 70, 26, 74, 33, 81, 36, 84, 39, 87, 40, 88, 0], 4: [0, 12, 60, 38, 86, 0], 5: [0, 1, 49, 4, 52, 6, 54, 11, 59, 13, 61, 18, 66, 29, 77, 34, 82, 35, 83, 37, 85, 41, 89, 48, 96, 0]} [2662.5653858015576, 554.8505030496111]
{1: [0, 1, 49, 4, 52, 8, 56, 18, 66, 20, 68, 24, 72, 27, 75, 28, 76, 31, 79, 32, 80, 34, 82, 40, 88, 41, 89, 44, 92, 47, 95, 0], 2: [0, 9, 57, 10, 58, 17, 65, 23, 71, 30, 78, 33, 81, 35, 83, 43, 91, 45, 93, 48, 96, 0], 3: [0, 2, 50, 3, 51, 6, 54, 7, 55, 11, 59, 12, 60, 14, 62, 15, 63, 21, 69, 25, 73, 26, 74, 0], 4: [0, 29, 77, 36, 84, 42, 90, 0], 5: [0, 5, 53, 13, 61, 16, 64, 19, 67, 22, 70, 37, 85, 38, 86, 39, 87, 46, 94, 0]} [2771.568771473083, 566.5142388076644]
Temps actuel =  01:06:39
<-- end execution 10 -->
<-- start execution 11 -->
Temps actuel =  01:06:39
{1: [0, 3, 51, 18, 66, 25, 73, 28, 76, 31, 79, 32, 80, 33, 81, 35, 83, 41, 89, 42, 90, 46, 94, 0], 2: [0, 4, 52, 5, 53, 16, 64, 20, 68, 22, 70, 24, 72, 27, 75, 38, 86, 45, 93, 0], 3: [0, 1, 49, 7, 55, 9, 57, 12, 60, 17, 65, 26, 74, 0], 4: [0, 6, 54, 10, 58, 13, 61, 14, 62, 19, 67, 23, 71, 30, 78, 37, 85, 39, 87, 40, 88, 44, 92, 0], 5: [0, 2, 50, 8, 56, 11, 59, 15, 63, 21, 69, 29, 77, 34, 82, 36, 84, 43, 91, 47, 95, 48, 96, 0]} [3037.4728783108417, 591.74332746245]
{1: [0, 8, 56, 11, 59, 17, 65, 20, 68, 22, 70, 25, 73, 33, 81, 0], 2: [0, 3, 51, 10, 58, 13, 61, 16, 64, 21, 69, 24, 72, 34, 82, 35, 83, 38, 86, 0], 3: [0, 5, 53, 18, 66, 28, 76, 36, 84, 39, 87, 41, 89, 47, 95, 0], 4: [0, 7, 55, 14, 62, 19, 67, 23, 71, 27, 75, 43, 91, 45, 93, 46, 94, 48, 96, 0], 5: [0, 1, 49, 2, 50, 4, 52, 6, 54, 9, 57, 12, 60, 15, 63, 26, 74, 29, 77, 30, 78, 31, 79, 32, 80, 37, 85, 40, 88, 42, 90, 44, 92, 0]} [3005.8694252579444, 584.7618073080321]
{1: [0, 11, 59, 20, 19, 21, 68, 67, 69, 38, 86, 0], 2: [0, 5, 53, 8, 56, 9, 57, 17, 65, 23, 71, 24, 72, 27, 75, 40, 88, 47, 95, 0], 3: [0, 1, 49, 4, 52, 7, 55, 10, 58, 13, 61, 14, 62, 16, 64, 29, 77, 30, 78, 31, 79, 32, 80, 33, 81, 37, 85, 41, 89, 0], 4: [0, 6, 54, 18, 66, 22, 70, 36, 84, 42, 90, 44, 92, 45, 93, 48, 96, 0], 5: [0, 2, 50, 3, 51, 12, 60, 15, 63, 25, 73, 26, 74, 28, 76, 34, 82, 35, 83, 39, 87, 43, 91, 46, 94, 0]} [2770.2752219683825, 562.9547541918322]
{1: [0, 8, 56, 9, 57, 16, 64, 19, 67, 22, 70, 24, 72, 28, 76, 32, 80, 36, 84, 37, 85, 39, 87, 41, 89, 44, 92, 0], 2: [0, 1, 49, 2, 50, 7, 55, 10, 58, 12, 60, 14, 62, 21, 69, 23, 71, 30, 78, 33, 81, 38, 86, 43, 91, 0], 3: [0, 6, 54, 15, 63, 26, 74, 27, 75, 29, 77, 31, 79, 45, 93, 0], 4: [0, 3, 51, 4, 52, 5, 53, 11, 59, 17, 65, 18, 66, 40, 88, 42, 90, 46, 94, 47, 95, 0], 5: [0, 13, 61, 20, 68, 25, 73, 34, 82, 35, 83, 48, 96, 0]} [2892.734659786774, 556.4200218748284]
Temps actuel =  01:32:46
<-- end execution 11 -->
<-- start execution 12 -->
Temps actuel =  01:32:46
{1: [0, 9, 57, 10, 58, 12, 60, 13, 61, 23, 71, 26, 74, 30, 78, 32, 80, 33, 81, 37, 85, 42, 90, 0], 2: [0, 5, 53, 6, 54, 8, 56, 11, 59, 17, 65, 20, 68, 22, 70, 25, 73, 29, 77, 40, 88, 0], 3: [0, 2, 50, 3, 51, 14, 62, 15, 63, 18, 66, 24, 72, 28, 76, 36, 84, 43, 91, 44, 92, 45, 93, 46, 94, 0], 4: [0, 16, 64, 19, 67, 21, 69, 27, 75, 48, 96, 0], 5: [0, 1, 49, 4, 52, 7, 55, 31, 79, 34, 82, 35, 83, 38, 86, 39, 87, 41, 89, 47, 95, 0]} [2908.002738948633, 541.0088833784216]
{1: [0, 2, 50, 7, 55, 8, 56, 11, 59, 12, 60, 19, 67, 31, 79, 38, 86, 44, 92, 45, 93, 0], 2: [0, 9, 57, 16, 64, 18, 66, 24, 72, 25, 73, 27, 75, 30, 78, 39, 87, 42, 90, 0], 3: [0, 1, 49, 4, 52, 10, 58, 14, 62, 15, 63, 20, 68, 26, 74, 32, 80, 33, 81, 34, 82, 35, 83, 37, 85, 43, 91, 46, 94, 48, 96, 0], 4: [0, 21, 69, 22, 70, 23, 71, 28, 76, 29, 77, 36, 84, 40, 88, 41, 89, 47, 95, 0], 5: [0, 3, 51, 5, 53, 6, 54, 13, 61, 17, 65, 0]} [3017.0368041290385, 562.5314182418933]
{1: [0, 8, 56, 13, 61, 18, 66, 19, 67, 21, 69, 23, 71, 24, 72, 29, 77, 37, 85, 40, 88, 41, 89, 42, 90, 48, 96, 0], 2: [0, 3, 51, 6, 54, 10, 58, 14, 62, 26, 74, 28, 76, 36, 84, 43, 91, 0], 3: [0, 11, 20, 59, 68, 44, 12, 60, 92, 0], 4: [0, 1, 49, 2, 50, 4, 52, 5, 53, 22, 70, 25, 73, 27, 75, 31, 79, 38, 86, 46, 94, 47, 95, 0], 5: [0, 7, 55, 9, 57, 15, 63, 16, 64, 17, 65, 30, 78, 32, 80, 33, 81, 34, 82, 35, 83, 39, 87, 45, 93, 0]} [2627.1663037514177, 586.384195096595]
{1: [0, 8, 56, 11, 59, 13, 61, 19, 67, 21, 69, 23, 71, 24, 72, 29, 77, 37, 85, 40, 88, 41, 89, 42, 90, 48, 96, 0], 2: [0, 3, 51, 6, 54, 10, 58, 14, 62, 26, 74, 28, 76, 36, 84, 43, 91, 0], 3: [0, 12, 20, 44, 60, 18, 68, 66, 92, 0], 4: [0, 1, 49, 2, 50, 4, 52, 5, 53, 22, 70, 25, 73, 27, 75, 31, 79, 38, 86, 46, 94, 47, 95, 0], 5: [0, 7, 55, 9, 57, 15, 63, 16, 64, 17, 65, 30, 78, 32, 80, 33, 81, 34, 82, 35, 83, 39, 87, 45, 93, 0]} [2627.190628795556, 588.4967501541598]
Temps actuel =  02:00:31
<-- end execution 12 -->
<-- start execution 13 -->
Temps actuel =  02:00:31
{1: [0, 1, 49, 12, 60, 19, 67, 20, 68, 21, 69, 30, 78, 34, 82, 35, 83, 38, 86, 46, 94, 0], 2: [0, 3, 51, 5, 53, 11, 59, 14, 62, 24, 72, 27, 75, 28, 76, 31, 79, 33, 81, 0], 3: [0, 6, 54, 7, 55, 15, 63, 16, 64, 17, 65, 36, 84, 39, 87, 41, 89, 44, 92, 0], 4: [0, 2, 50, 4, 52, 10, 58, 18, 66, 29, 77, 32, 80, 45, 93, 47, 95, 0], 5: [0, 8, 56, 9, 57, 13, 61, 22, 70, 23, 71, 25, 73, 26, 74, 37, 85, 40, 88, 42, 90, 43, 91, 48, 96, 0]} [2984.249444905313, 602.7463701211161]
{1: [0, 7, 55, 10, 58, 40, 88, 45, 93, 47, 95, 0], 2: [0, 4, 52, 5, 53, 6, 54, 11, 59, 12, 60, 23, 71, 24, 72, 27, 75, 33, 81, 35, 83, 36, 84, 38, 86, 44, 92, 46, 94, 0], 3: [0, 1, 49, 2, 50, 8, 56, 9, 57, 16, 64, 17, 65, 18, 66, 19, 67, 21, 69, 32, 80, 39, 87, 43, 91, 0], 4: [0, 13, 61, 15, 63, 20, 68, 22, 70, 25, 73, 29, 77, 31, 79, 42, 90, 0], 5: [0, 3, 51, 14, 62, 26, 74, 28, 76, 30, 78, 34, 82, 37, 85, 41, 89, 48, 96, 0]} [3072.302966346439, 585.1927163159219]
{1: [0, 16, 64, 20, 68, 30, 78, 35, 83, 36, 84, 41, 89, 42, 90, 47, 95, 0], 2: [0, 3, 51, 11, 59, 14, 62, 15, 63, 21, 69, 24, 72, 32, 80, 33, 81, 34, 82, 40, 88, 0], 3: [0, 1, 49, 5, 53, 8, 56, 13, 61, 18, 66, 22, 70, 23, 71, 26, 74, 28, 76, 31, 79, 44, 92, 48, 96, 0], 4: [0, 2, 50, 4, 52, 6, 54, 7, 55, 9, 57, 10, 58, 17, 65, 19, 67, 25, 73, 37, 85, 39, 87, 45, 93, 0], 5: [0, 12, 60, 27, 75, 29, 77, 38, 86, 43, 91, 46, 94, 0]} [2717.5345871454792, 590.1240024672986]
{1: [0, 16, 64, 20, 68, 30, 78, 35, 83, 36, 84, 41, 89, 42, 90, 47, 95, 0], 2: [0, 3, 51, 11, 59, 14, 62, 15, 63, 21, 69, 23, 71, 24, 72, 32, 80, 33, 81, 40, 88, 0], 3: [0, 1, 49, 5, 53, 8, 56, 13, 61, 18, 66, 22, 70, 26, 74, 28, 76, 31, 79, 34, 82, 44, 92, 48, 96, 0], 4: [0, 2, 50, 4, 52, 6, 54, 7, 55, 9, 57, 10, 58, 17, 65, 19, 67, 25, 73, 37, 85, 39, 87, 45, 93, 0], 5: [0, 12, 60, 27, 75, 29, 77, 38, 86, 43, 91, 46, 94, 0]} [2718.6536998933907, 591.2431152152101]
Temps actuel =  02:26:50
<-- end execution 13 -->
<-- start execution 14 -->
Temps actuel =  02:26:50
{1: [0, 6, 54, 8, 56, 16, 64, 20, 68, 23, 71, 24, 72, 45, 93, 0], 2: [0, 2, 50, 3, 51, 12, 60, 15, 63, 19, 67, 26, 74, 30, 78, 43, 91, 0], 3: [0, 1, 49, 5, 53, 18, 66, 21, 69, 25, 73, 29, 77, 31, 79, 35, 83, 38, 86, 40, 88, 48, 96, 0], 4: [0, 4, 52, 7, 55, 10, 58, 13, 61, 14, 62, 17, 65, 28, 76, 33, 81, 34, 82, 36, 84, 42, 90, 44, 92, 46, 94, 47, 95, 0], 5: [0, 9, 57, 11, 59, 22, 70, 27, 75, 32, 80, 37, 85, 39, 87, 41, 89, 0]} [3044.0183610030126, 569.3094050768412]
{1: [0, 2, 50, 5, 53, 6, 54, 10, 58, 24, 72, 27, 75, 31, 79, 46, 94, 0], 2: [0, 3, 51, 4, 52, 7, 55, 9, 57, 20, 68, 25, 73, 32, 80, 33, 81, 35, 83, 40, 88, 42, 90, 44, 92, 0], 3: [0, 1, 49, 8, 56, 11, 59, 16, 64, 17, 65, 19, 67, 22, 70, 23, 71, 26, 74, 28, 76, 37, 85, 48, 96, 0], 4: [0, 12, 60, 14, 62, 15, 63, 21, 69, 29, 77, 30, 78, 36, 84, 38, 86, 45, 93, 47, 95, 0], 5: [0, 13, 61, 18, 66, 34, 82, 39, 87, 41, 89, 43, 91, 0]} [2912.5779743363187, 568.0903454865027]
{1: [0, 3, 51, 5, 53, 6, 54, 17, 65, 22, 70, 23, 71, 31, 79, 39, 87, 41, 89, 45, 93, 0], 2: [0, 8, 56, 10, 58, 15, 63, 25, 73, 30, 78, 33, 81, 35, 83, 43, 91, 47, 95, 0], 3: [0, 1, 49, 2, 50, 4, 52, 7, 55, 9, 57, 11, 59, 26, 74, 27, 75, 32, 80, 34, 82, 36, 84, 42, 90, 44, 92, 46, 94, 0], 4: [0, 14, 62, 21, 69, 24, 72, 28, 76, 29, 77, 37, 85, 38, 86, 0], 5: [0, 12, 60, 13, 61, 16, 64, 18, 66, 19, 67, 20, 68, 40, 88, 48, 96, 0]} [2741.3719680662302, 594.5538852602144]
{1: [0, 3, 51, 4, 52, 5, 53, 6, 54, 17, 65, 22, 70, 31, 79, 39, 87, 41, 89, 45, 93, 0], 2: [0, 8, 56, 10, 58, 15, 63, 25, 73, 30, 78, 33, 81, 35, 83, 43, 91, 47, 95, 0], 3: [0, 1, 49, 2, 50, 7, 55, 9, 57, 11, 59, 23, 71, 26, 74, 27, 75, 32, 80, 34, 82, 36, 84, 42, 90, 44, 92, 46, 94, 0], 4: [0, 14, 62, 21, 69, 24, 72, 28, 76, 29, 77, 37, 85, 38, 86, 0], 5: [0, 12, 60, 13, 61, 16, 64, 18, 66, 19, 67, 20, 68, 40, 88, 48, 96, 0]} [2757.6759847435624, 592.1835277245166]
Temps actuel =  02:54:34
<-- end execution 14 -->
<-- start execution 15 -->
Temps actuel =  02:54:34
{1: [0, 3, 51, 7, 55, 11, 59, 13, 61, 15, 63, 17, 65, 20, 68, 28, 76, 30, 78, 33, 81, 34, 82, 0], 2: [0, 2, 50, 6, 54, 8, 56, 12, 60, 16, 64, 23, 71, 24, 72, 26, 74, 29, 77, 31, 79, 38, 86, 40, 88, 42, 90, 44, 92, 45, 93, 0], 3: [0, 4, 52, 5, 53, 19, 67, 21, 69, 27, 75, 39, 87, 41, 89, 48, 96, 0], 4: [0, 9, 57, 10, 58, 14, 62, 22, 70, 35, 83, 43, 91, 46, 94, 47, 95, 0], 5: [0, 1, 49, 18, 66, 25, 73, 32, 80, 36, 84, 37, 85, 0]} [3064.000667683954, 567.7926425889984]
{1: [0, 5, 53, 15, 63, 16, 64, 20, 68, 24, 72, 29, 77, 31, 79, 34, 82, 35, 83, 37, 85, 0], 2: [0, 4, 52, 7, 55, 19, 67, 23, 71, 26, 74, 30, 78, 36, 84, 38, 86, 43, 91, 48, 96, 0], 3: [0, 2, 50, 6, 54, 8, 56, 11, 59, 14, 62, 22, 70, 25, 73, 28, 76, 33, 81, 41, 89, 42, 90, 46, 94, 47, 95, 0], 4: [0, 1, 49, 9, 57, 12, 60, 13, 61, 17, 65, 21, 69, 39, 87, 40, 88, 44, 92, 45, 93, 0], 5: [0, 3, 51, 10, 58, 18, 66, 27, 75, 32, 80, 0]} [3050.1705059230035, 553.8032207201574]
{1: [0, 2, 50, 3, 51, 4, 52, 13, 61, 15, 63, 17, 65, 18, 66, 24, 72, 28, 76, 43, 91, 46, 94, 0], 2: [0, 8, 56, 20, 68, 27, 75, 30, 78, 34, 82, 40, 88, 42, 90, 0], 3: [0, 12, 60, 14, 62, 19, 67, 21, 69, 25, 73, 29, 77, 35, 83, 36, 84, 39, 87, 44, 92, 45, 93, 47, 95, 0], 4: [0, 6, 54, 7, 55, 9, 57, 10, 58, 11, 59, 16, 64, 22, 70, 31, 79, 32, 80, 33, 81, 37, 85, 0], 5: [0, 1, 49, 5, 53, 23, 71, 26, 74, 38, 86, 41, 89, 48, 96, 0]} [2687.2071867382692, 530.7669492205815]
{1: [0, 1, 49, 2, 50, 5, 53, 7, 55, 11, 59, 29, 77, 36, 84, 37, 85, 39, 87, 46, 94, 48, 96, 0], 2: [0, 3, 51, 15, 63, 17, 65, 22, 70, 23, 71, 25, 73, 28, 76, 0], 3: [0, 4, 52, 6, 54, 9, 57, 10, 58, 12, 60, 13, 61, 14, 62, 24, 72, 26, 74, 27, 75, 35, 83, 43, 91, 0], 4: [0, 8, 56, 16, 64, 19, 67, 21, 69, 31, 79, 32, 80, 33, 81, 40, 88, 41, 89, 42, 90, 44, 92, 0], 5: [0, 18, 66, 20, 68, 30, 78, 34, 82, 38, 86, 45, 93, 47, 95, 0]} [2716.6089355386916, 603.8490310940665]
Temps actuel =  03:21:13
<-- end execution 15 -->
<-- start execution 16 -->
Temps actuel =  03:21:13
{1: [0, 7, 55, 20, 68, 25, 73, 27, 75, 29, 77, 33, 81, 39, 87, 47, 95, 0], 2: [0, 9, 57, 13, 61, 21, 69, 30, 78, 34, 82, 41, 89, 46, 94, 48, 96, 0], 3: [0, 1, 49, 4, 52, 8, 56, 12, 60, 16, 64, 28, 76, 36, 84, 0], 4: [0, 3, 51, 5, 53, 10, 58, 15, 63, 17, 65, 18, 66, 19, 67, 23, 71, 32, 80, 38, 86, 44, 92, 0], 5: [0, 2, 50, 6, 54, 11, 59, 14, 62, 22, 70, 24, 72, 26, 74, 31, 79, 35, 83, 37, 85, 40, 88, 42, 90, 43, 91, 45, 93, 0]} [3009.926257070826, 539.0803659266919]
{1: [0, 2, 50, 5, 53, 8, 56, 12, 60, 31, 79, 36, 84, 40, 88, 45, 93, 0], 2: [0, 3, 51, 7, 55, 10, 58, 14, 62, 27, 75, 28, 76, 29, 77, 32, 80, 33, 81, 39, 87, 0], 3: [0, 9, 57, 11, 59, 15, 63, 16, 64, 24, 72, 30, 78, 34, 82, 37, 85, 38, 86, 46, 94, 48, 96, 0], 4: [0, 1, 49, 4, 52, 6, 54, 17, 65, 18, 66, 22, 70, 23, 71, 26, 74, 41, 89, 47, 95, 0], 5: [0, 13, 61, 19, 67, 20, 68, 21, 69, 25, 73, 35, 83, 42, 90, 43, 91, 44, 92, 0]} [2931.453343191258, 579.3779282532328]
{1: [0, 5, 53, 7, 55, 9, 57, 11, 59, 14, 62, 15, 63, 16, 64, 18, 66, 21, 69, 22, 70, 25, 73, 26, 74, 28, 76, 35, 83, 36, 84, 0], 2: [0, 8, 56, 19, 67, 27, 75, 29, 77, 38, 86, 43, 91, 0], 3: [0, 12, 60, 13, 61, 20, 68, 23, 71, 33, 81, 40, 88, 45, 93, 47, 95, 48, 96, 0], 4: [0, 1, 49, 2, 50, 4, 52, 10, 58, 24, 72, 32, 80, 34, 82, 39, 87, 0], 5: [0, 3, 51, 6, 54, 17, 65, 30, 78, 31, 79, 37, 85, 41, 89, 42, 90, 44, 92, 46, 94, 0]} [2739.807789700159, 608.3040660085348]
{1: [0, 1, 49, 2, 50, 12, 60, 14, 62, 15, 63, 21, 69, 22, 70, 25, 73, 26, 74, 30, 78, 34, 82, 36, 84, 37, 85, 41, 89, 44, 92, 0], 2: [0, 11, 59, 13, 61, 18, 66, 32, 80, 42, 90, 45, 93, 0], 3: [0, 5, 53, 7, 55, 16, 64, 27, 75, 29, 77, 31, 79, 33, 81, 39, 87, 47, 95, 0], 4: [0, 4, 52, 6, 54, 8, 56, 10, 58, 17, 65, 19, 67, 35, 83, 38, 86, 0], 5: [0, 3, 51, 9, 57, 20, 68, 23, 71, 24, 72, 28, 76, 40, 88, 43, 91, 46, 94, 48, 96, 0]} [2747.985462111684, 567.8570586699111]
Temps actuel =  03:48:56
<-- end execution 16 -->
<-- start execution 17 -->
Temps actuel =  03:48:56
{1: [0, 7, 55, 23, 71, 24, 72, 28, 76, 30, 78, 31, 79, 33, 81, 41, 89, 43, 91, 48, 96, 0], 2: [0, 2, 50, 9, 57, 14, 62, 15, 63, 16, 64, 22, 70, 29, 77, 32, 80, 0], 3: [0, 4, 52, 8, 56, 10, 58, 11, 59, 12, 60, 19, 67, 26, 74, 34, 82, 37, 85, 38, 86, 39, 87, 46, 94, 0], 4: [0, 5, 53, 6, 54, 17, 65, 18, 66, 21, 69, 25, 73, 36, 84, 45, 93, 47, 95, 0], 5: [0, 1, 49, 3, 51, 13, 61, 20, 68, 27, 75, 35, 83, 40, 88, 42, 90, 44, 92, 0]} [3099.4070477492105, 567.8087966336298]
{1: [0, 17, 65, 25, 73, 26, 74, 29, 77, 30, 78, 32, 80, 33, 81, 35, 83, 45, 93, 0], 2: [0, 1, 49, 5, 53, 11, 59, 18, 66, 24, 72, 38, 86, 40, 88, 43, 91, 46, 94, 48, 96, 0], 3: [0, 3, 51, 7, 55, 10, 58, 13, 61, 14, 62, 22, 70, 34, 82, 36, 84, 47, 95, 0], 4: [0, 2, 50, 4, 52, 6, 54, 19, 67, 20, 68, 23, 71, 28, 76, 39, 87, 42, 90, 0], 5: [0, 8, 56, 9, 57, 12, 60, 15, 63, 16, 64, 21, 69, 27, 75, 31, 79, 37, 85, 41, 89, 44, 92, 0]} [3058.4657878011044, 597.7868159986888]
{1: [0, 8, 56, 11, 59, 12, 60, 16, 64, 20, 68, 21, 69, 23, 71, 24, 72, 30, 78, 32, 80, 37, 85, 39, 87, 41, 89, 42, 90, 43, 91, 45, 93, 47, 95, 0], 2: [0, 3, 51, 4, 52, 6, 54, 9, 57, 28, 76, 29, 77, 33, 81, 34, 82, 40, 88, 0], 3: [0, 1, 49, 2, 50, 5, 53, 7, 55, 10, 58, 25, 73, 26, 74, 35, 83, 46, 94, 48, 96, 0], 4: [0, 13, 61, 14, 62, 19, 67, 27, 75, 31, 79, 36, 84, 38, 86, 44, 92, 0], 5: [0, 15, 63, 17, 65, 18, 66, 22, 70, 0]} [2654.582358479737, 573.2773380933446]
{1: [0, 3, 51, 6, 54, 10, 58, 13, 61, 15, 63, 23, 71, 24, 72, 26, 74, 29, 77, 30, 78, 33, 81, 34, 82, 35, 83, 37, 85, 38, 86, 41, 89, 48, 96, 0], 2: [0, 2, 50, 4, 52, 5, 53, 9, 57, 17, 65, 22, 70, 32, 80, 39, 87, 44, 92, 0], 3: [0, 14, 62, 16, 64, 18, 66, 19, 67, 21, 69, 25, 73, 36, 84, 40, 88, 42, 90, 45, 93, 0], 4: [0, 1, 49, 7, 55, 11, 59, 20, 68, 28, 76, 43, 91, 46, 94, 47, 95, 0], 5: [0, 8, 56, 12, 60, 27, 75, 31, 79, 0]} [2670.753584781737, 571.8504137946414]
Temps actuel =  04:19:46
<-- end execution 17 -->
<-- start execution 18 -->
Temps actuel =  04:19:46
{1: [0, 3, 51, 11, 59, 14, 62, 22, 70, 25, 73, 26, 74, 27, 75, 30, 78, 32, 80, 39, 87, 41, 89, 46, 94, 0], 2: [0, 7, 55, 8, 56, 12, 60, 18, 66, 21, 69, 24, 72, 28, 76, 31, 79, 40, 88, 43, 91, 45, 93, 47, 95, 48, 96, 0], 3: [0, 1, 49, 5, 53, 6, 54, 10, 58, 19, 67, 23, 71, 29, 77, 34, 82, 0], 4: [0, 15, 63, 35, 83, 37, 85, 42, 90, 0], 5: [0, 2, 50, 4, 52, 9, 57, 13, 61, 16, 64, 17, 65, 20, 68, 33, 81, 36, 84, 38, 86, 44, 92, 0]} [3055.020063084722, 563.3316913162887]
{1: [0, 34, 82, 36, 84, 39, 87, 42, 90, 0], 2: [0, 3, 51, 10, 58, 12, 60, 18, 66, 20, 68, 22, 70, 43, 91, 46, 94, 0], 3: [0, 2, 50, 5, 53, 6, 54, 9, 57, 11, 59, 16, 64, 24, 72, 33, 81, 35, 83, 41, 89, 45, 93, 48, 96, 0], 4: [0, 1, 49, 4, 52, 7, 55, 8, 56, 14, 62, 15, 63, 25, 73, 28, 76, 30, 78, 37, 85, 38, 86, 44, 92, 0], 5: [0, 13, 61, 17, 65, 19, 67, 21, 69, 23, 71, 26, 74, 27, 75, 29, 77, 31, 79, 32, 80, 40, 88, 47, 95, 0]} [3007.301654786825, 553.8887994622991]
{1: [0, 4, 52, 7, 55, 9, 57, 12, 60, 17, 65, 18, 66, 20, 68, 31, 79, 36, 84, 47, 95, 0], 2: [0, 8, 56, 22, 70, 24, 72, 25, 73, 32, 80, 34, 82, 37, 85, 43, 91, 0], 3: [0, 3, 51, 27, 75, 28, 76, 30, 78, 35, 83, 38, 86, 39, 87, 44, 92, 0], 4: [0, 40, 88, 42, 90, 45, 93, 0], 5: [0, 1, 49, 2, 50, 5, 53, 6, 54, 10, 58, 11, 59, 13, 61, 14, 62, 15, 63, 16, 64, 19, 67, 21, 69, 23, 71, 26, 74, 29, 77, 33, 81, 41, 89, 46, 94, 48, 96, 0]} [2640.968428957741, 584.5593840631694]
{1: [0, 4, 52, 7, 55, 9, 57, 17, 65, 18, 66, 21, 69, 22, 70, 31, 79, 36, 84, 47, 95, 0], 2: [0, 8, 56, 20, 68, 24, 72, 33, 81, 34, 82, 37, 85, 42, 90, 43, 91, 0], 3: [0, 27, 75, 28, 76, 29, 77, 30, 78, 35, 83, 38, 86, 39, 87, 40, 88, 0], 4: [0, 32, 80, 44, 92, 48, 96, 0], 5: [0, 1, 49, 2, 50, 3, 51, 5, 53, 6, 54, 10, 58, 11, 59, 12, 60, 13, 61, 14, 62, 15, 63, 16, 64, 19, 67, 23, 71, 25, 73, 26, 74, 41, 89, 45, 93, 46, 94, 0]} [2646.8620926083213, 578.7680625239141]
Temps actuel =  04:52:09
<-- end execution 18 -->
<-- start execution 19 -->
Temps actuel =  04:52:09
{1: [0, 10, 58, 11, 59, 15, 63, 16, 64, 17, 65, 19, 67, 23, 71, 27, 75, 31, 79, 35, 83, 36, 84, 39, 87, 0], 2: [0, 2, 50, 12, 60, 14, 62, 29, 77, 30, 78, 32, 80, 37, 85, 42, 90, 46, 94, 47, 95, 0], 3: [0, 3, 51, 7, 55, 13, 61, 18, 66, 20, 68, 21, 69, 26, 74, 43, 91, 44, 92, 0], 4: [0, 1, 49, 5, 53, 6, 54, 8, 56, 22, 70, 24, 72, 25, 73, 33, 81, 38, 86, 40, 88, 45, 93, 48, 96, 0], 5: [0, 4, 52, 9, 57, 28, 76, 34, 82, 41, 89, 0]} [3080.2756845662707, 556.7047301293617]
{1: [0, 13, 61, 14, 62, 21, 69, 28, 76, 36, 84, 37, 85, 38, 86, 47, 95, 0], 2: [0, 2, 50, 4, 52, 12, 60, 16, 64, 18, 66, 24, 72, 27, 75, 30, 78, 0], 3: [0, 1, 49, 22, 70, 23, 71, 26, 74, 31, 79, 32, 80, 41, 89, 42, 90, 43, 91, 48, 96, 0], 4: [0, 7, 55, 8, 56, 9, 57, 11, 59, 17, 65, 25, 73, 33, 81, 34, 82, 39, 87, 40, 88, 44, 92, 46, 94, 0], 5: [0, 3, 51, 5, 53, 6, 54, 10, 58, 15, 63, 19, 67, 20, 68, 29, 77, 35, 83, 45, 93, 0]} [2993.6004066765, 577.5378616504669]
{1: [0, 2, 50, 5, 53, 9, 57, 38, 86, 44, 92, 0], 2: [0, 1, 49, 6, 54, 7, 55, 15, 63, 16, 64, 17, 65, 24, 72, 28, 76, 33, 81, 39, 87, 43, 91, 46, 94, 47, 95, 0], 3: [0, 3, 51, 8, 56, 12, 60, 13, 61, 19, 67, 22, 70, 26, 74, 31, 79, 34, 82, 36, 84, 37, 85, 40, 88, 48, 96, 0], 4: [0, 11, 59, 18, 66, 21, 69, 27, 75, 32, 80, 35, 83, 42, 90, 0], 5: [0, 4, 52, 10, 58, 14, 62, 20, 68, 23, 71, 25, 73, 29, 77, 30, 78, 41, 89, 45, 93, 0]} [2756.5857434303107, 574.8958361571255]
{1: [0, 2, 50, 5, 53, 37, 85, 38, 86, 44, 92, 0], 2: [0, 1, 49, 6, 54, 7, 55, 15, 63, 16, 64, 17, 65, 24, 72, 28, 76, 33, 81, 39, 87, 43, 91, 46, 94, 47, 95, 0], 3: [0, 3, 51, 8, 56, 9, 57, 12, 60, 13, 61, 19, 67, 22, 70, 26, 74, 31, 79, 34, 82, 36, 84, 40, 88, 48, 96, 0], 4: [0, 11, 59, 18, 66, 21, 69, 27, 75, 32, 80, 35, 83, 42, 90, 0], 5: [0, 4, 52, 10, 58, 14, 62, 20, 68, 23, 71, 25, 73, 29, 77, 30, 78, 41, 89, 45, 93, 0]} [2789.5051319792005, 585.3028130482496]
Temps actuel =  05:20:54
<-- end execution 19 -->
<-- start execution 20 -->
Temps actuel =  05:20:54
{1: [0, 4, 52, 9, 57, 10, 58, 15, 63, 18, 66, 26, 74, 36, 84, 37, 85, 38, 86, 43, 91, 0], 2: [0, 3, 51, 6, 54, 7, 55, 13, 61, 16, 64, 22, 70, 23, 71, 39, 87, 0], 3: [0, 2, 50, 21, 69, 24, 72, 27, 75, 28, 76, 29, 77, 30, 78, 32, 80, 33, 81, 41, 89, 0], 4: [0, 1, 49, 5, 53, 8, 56, 25, 73, 31, 79, 34, 82, 35, 83, 40, 88, 44, 92, 45, 93, 48, 96, 0], 5: [0, 11, 59, 12, 60, 14, 62, 17, 65, 19, 67, 20, 68, 42, 90, 46, 94, 47, 95, 0]} [2996.203355861225, 580.8847954681496]
{1: [0, 4, 52, 16, 64, 22, 70, 24, 72, 28, 76, 29, 77, 33, 81, 35, 83, 39, 87, 0], 2: [0, 1, 49, 2, 50, 3, 51, 10, 58, 12, 60, 14, 62, 15, 63, 20, 68, 21, 69, 23, 71, 27, 75, 31, 79, 36, 84, 40, 88, 41, 89, 43, 91, 45, 93, 47, 95, 48, 96, 0], 3: [0, 9, 57, 44, 92, 46, 94, 0], 4: [0, 5, 53, 11, 59, 13, 61, 18, 66, 19, 67, 25, 73, 34, 82, 38, 86, 42, 90, 0], 5: [0, 6, 54, 7, 55, 8, 56, 17, 65, 26, 74, 30, 78, 32, 80, 37, 85, 0]} [3047.7344870499846, 604.7322887035982]
{1: [0, 14, 62, 21, 69, 27, 75, 30, 78, 31, 79, 32, 80, 36, 84, 39, 87, 0], 2: [0, 1, 49, 2, 50, 5, 53, 10, 58, 13, 61, 15, 63, 18, 66, 19, 67, 22, 70, 29, 77, 34, 82, 35, 83, 37, 85, 47, 95, 0], 3: [0, 3, 51, 9, 57, 11, 59, 12, 60, 17, 65, 20, 68, 23, 71, 33, 81, 42, 90, 48, 96, 0], 4: [0, 38, 86, 43, 91, 44, 92, 45, 93, 0], 5: [0, 4, 52, 6, 54, 7, 55, 8, 56, 16, 64, 24, 72, 25, 73, 26, 74, 28, 76, 40, 88, 41, 89, 46, 94, 0]} [2617.5645833528392, 570.8700863329586]
{1: [0, 14, 62, 21, 69, 27, 75, 30, 78, 31, 79, 32, 80, 36, 84, 39, 87, 0], 2: [0, 1, 49, 2, 50, 5, 53, 10, 58, 15, 63, 18, 66, 19, 67, 22, 70, 26, 74, 29, 77, 34, 82, 35, 83, 37, 85, 47, 95, 0], 3: [0, 3, 51, 9, 57, 11, 59, 12, 60, 17, 65, 20, 68, 23, 71, 33, 81, 42, 90, 48, 96, 0], 4: [0, 38, 86, 43, 91, 44, 92, 45, 93, 0], 5: [0, 4, 52, 6, 54, 7, 55, 8, 56, 13, 61, 16, 64, 24, 72, 25, 73, 28, 76, 40, 88, 41, 89, 46, 94, 0]} [2620.9294939372917, 574.2349969174113]
Temps actuel =  05:48:57
<-- end execution 20 -->
