<-- start execution 1 -->
Temps actuel =  08:29:42
{1: [0, 3, 75, 8, 80, 10, 82, 16, 88, 24, 96, 26, 98, 31, 103, 35, 107, 37, 109, 47, 119, 48, 120, 53, 125, 54, 126, 57, 129, 58, 130, 63, 135, 66, 138, 0], 2: [0, 6, 78, 12, 84, 41, 113, 45, 117, 71, 143, 0], 3: [0, 27, 99, 39, 111, 50, 122, 55, 127, 60, 132, 64, 136, 0], 4: [0, 7, 79, 17, 89, 43, 115, 44, 116, 0], 5: [0, 9, 81, 14, 86, 18, 90, 21, 93, 30, 102, 46, 118, 56, 128, 62, 134, 65, 137, 68, 140, 72, 144, 0], 6: [0, 4, 76, 5, 77, 13, 85, 15, 87, 19, 91, 22, 94, 25, 97, 28, 100, 36, 108, 38, 110, 49, 121, 51, 123, 70, 142, 0], 7: [0, 1, 73, 2, 74, 11, 83, 20, 92, 23, 95, 29, 101, 32, 104, 33, 105, 34, 106, 40, 112, 42, 114, 52, 124, 59, 131, 61, 133, 67, 139, 69, 141, 0]} [4249.283060974854, 1165.493677295403]
{1: [0, 1, 73, 5, 77, 7, 79, 11, 83, 14, 86, 17, 89, 18, 90, 31, 103, 36, 108, 51, 123, 52, 124, 53, 125, 56, 128, 57, 129, 58, 130, 59, 131, 66, 138, 0], 2: [0, 4, 76, 24, 96, 26, 98, 33, 105, 40, 112, 46, 118, 50, 122, 55, 127, 72, 144, 0], 3: [0, 3, 75, 9, 81, 10, 82, 12, 84, 21, 93, 25, 97, 35, 107, 38, 110, 44, 116, 45, 117, 62, 134, 64, 136, 69, 141, 0], 4: [0, 22, 94, 34, 106, 39, 111, 42, 114, 43, 115, 63, 135, 65, 137, 0], 5: [0, 6, 78, 8, 80, 19, 91, 27, 99, 29, 101, 32, 104, 37, 109, 47, 119, 48, 120, 54, 126, 68, 140, 0], 6: [0, 2, 74, 13, 85, 20, 92, 23, 95, 30, 102, 41, 113, 49, 121, 61, 133, 67, 139, 0], 7: [0, 15, 87, 16, 88, 28, 100, 60, 132, 70, 142, 71, 143, 0]} [4556.8615983476575, 1161.5332130503932]
{1: [0, 6, 78, 9, 81, 10, 82, 11, 83, 13, 85, 15, 87, 16, 88, 25, 97, 27, 99, 32, 104, 35, 107, 38, 110, 43, 115, 52, 124, 66, 138, 70, 142, 72, 144, 0], 2: [0, 21, 93, 30, 102, 51, 123, 60, 132, 68, 140, 0], 3: [0, 20, 92, 23, 95, 33, 105, 37, 109, 40, 112, 41, 113, 42, 114, 61, 133, 64, 136, 65, 137, 0], 4: [0, 2, 74, 3, 75, 7, 79, 17, 89, 24, 96, 45, 117, 49, 121, 50, 122, 54, 126, 58, 130, 0], 5: [0, 8, 80, 14, 86, 19, 91, 26, 98, 28, 100, 44, 116, 48, 120, 55, 127, 56, 128, 57, 129, 59, 131, 69, 141, 0], 6: [0, 1, 73, 18, 90, 22, 94, 29, 101, 46, 118, 47, 119, 63, 135, 67, 139, 71, 143, 0], 7: [0, 4, 76, 5, 77, 12, 84, 31, 103, 34, 106, 36, 108, 39, 111, 53, 125, 62, 134, 0]} [4012.0566915013046, 1169.0548620412571]
{1: [0, 4, 76, 6, 78, 10, 82, 11, 83, 13, 85, 15, 87, 16, 88, 24, 96, 25, 97, 32, 104, 43, 115, 52, 124, 60, 132, 66, 138, 70, 142, 71, 143, 72, 144, 0], 2: [0, 21, 93, 30, 102, 35, 107, 51, 123, 68, 140, 0], 3: [0, 18, 90, 20, 92, 23, 95, 26, 98, 33, 105, 40, 112, 41, 113, 42, 114, 61, 133, 65, 137, 0], 4: [0, 2, 74, 3, 75, 7, 79, 19, 91, 38, 110, 45, 117, 48, 120, 50, 122, 58, 130, 69, 141, 0], 5: [0, 8, 80, 14, 86, 17, 89, 28, 100, 37, 109, 44, 116, 49, 121, 54, 126, 55, 127, 56, 128, 57, 129, 59, 131, 0], 6: [0, 1, 73, 27, 99, 29, 101, 46, 118, 47, 119, 53, 125, 63, 135, 64, 136, 67, 139, 0], 7: [0, 5, 77, 9, 81, 12, 84, 22, 94, 31, 103, 34, 106, 36, 108, 39, 111, 62, 134, 0]} [4014.5043724017387, 1123.3622788128582]
Temps actuel =  09:30:56
<-- end execution 1 -->
<-- start execution 1 -->
Temps actuel =  10:13:34
{1: [0, 2, 74, 6, 78, 33, 105, 34, 106, 52, 124, 59, 131, 0], 2: [0, 10, 82, 14, 86, 25, 97, 31, 103, 35, 107, 36, 108, 44, 116, 48, 120, 57, 129, 58, 130, 60, 132, 66, 138, 67, 139, 71, 143, 0], 3: [0, 7, 79, 9, 81, 16, 88, 18, 90, 20, 92, 22, 94, 24, 96, 27, 99, 32, 104, 39, 111, 49, 121, 51, 123, 55, 127, 61, 133, 62, 134, 63, 135, 68, 140, 0], 4: [0, 1, 73, 4, 76, 11, 83, 13, 85, 19, 91, 21, 93, 28, 100, 38, 110, 40, 112, 41, 113, 46, 118, 54, 126, 72, 144, 0], 5: [0, 26, 98, 29, 101, 0], 6: [0, 5, 77, 12, 84, 15, 87, 17, 89, 30, 102, 42, 114, 43, 115, 56, 128, 64, 136, 69, 141, 70, 142, 0], 7: [0, 3, 75, 8, 80, 23, 95, 37, 109, 45, 117, 47, 119, 50, 122, 53, 125, 65, 137, 0]} [4196.275485991011, 1116.4317180627122]
{1: [0, 5, 77, 11, 83, 12, 84, 17, 89, 20, 92, 27, 99, 31, 103, 35, 107, 46, 118, 59, 131, 60, 132, 63, 135, 64, 136, 67, 139, 0], 2: [0, 1, 73, 14, 86, 19, 91, 33, 105, 47, 119, 56, 128, 0], 3: [0, 3, 75, 9, 81, 15, 87, 16, 88, 29, 101, 43, 115, 57, 129, 61, 133, 65, 137, 72, 144, 0], 4: [0, 8, 80, 13, 85, 21, 93, 24, 96, 28, 100, 34, 106, 36, 108, 41, 113, 44, 116, 48, 120, 58, 130, 66, 138, 68, 140, 0], 5: [0, 2, 74, 4, 76, 6, 78, 10, 82, 22, 94, 30, 102, 37, 109, 40, 112, 53, 125, 54, 126, 70, 142, 0], 6: [0, 25, 97, 38, 110, 42, 114, 45, 117, 50, 122, 52, 124, 55, 127, 62, 134, 0], 7: [0, 7, 79, 18, 90, 23, 95, 26, 98, 32, 104, 39, 111, 49, 121, 51, 123, 69, 141, 71, 143, 0]} [4287.206733309064, 1116.0510758360058]
{1: [0, 8, 80, 26, 98, 29, 101, 59, 131, 64, 136, 0], 2: [0, 3, 75, 4, 76, 7, 79, 12, 84, 15, 87, 16, 88, 17, 89, 24, 96, 28, 100, 51, 123, 54, 126, 55, 127, 61, 133, 67, 139, 0], 3: [0, 11, 83, 32, 104, 35, 107, 36, 108, 39, 111, 41, 113, 44, 116, 58, 130, 63, 135, 65, 137, 72, 144, 0], 4: [0, 1, 73, 5, 77, 14, 86, 34, 106, 48, 120, 49, 121, 53, 125, 56, 128, 57, 129, 60, 132, 0], 5: [0, 33, 69, 105, 141, 0], 6: [0, 6, 78, 10, 82, 13, 85, 18, 90, 19, 91, 22, 94, 25, 97, 31, 103, 40, 112, 42, 114, 43, 115, 46, 118, 47, 119, 50, 122, 52, 124, 68, 140, 70, 142, 71, 143, 0], 7: [0, 2, 74, 9, 81, 20, 92, 21, 93, 23, 95, 27, 99, 30, 102, 37, 109, 38, 110, 45, 117, 62, 134, 66, 138, 0]} [3741.8333908433433, 1113.2555400766291]
{1: [0, 8, 80, 26, 98, 29, 101, 59, 131, 64, 136, 0], 2: [0, 3, 75, 4, 76, 7, 79, 12, 84, 15, 87, 16, 88, 17, 89, 24, 96, 28, 100, 51, 123, 52, 124, 54, 126, 55, 127, 61, 133, 0], 3: [0, 11, 83, 32, 104, 35, 107, 36, 108, 39, 111, 41, 113, 44, 116, 58, 130, 63, 135, 65, 137, 72, 144, 0], 4: [0, 1, 73, 5, 77, 14, 86, 34, 106, 48, 120, 49, 121, 53, 125, 56, 128, 57, 129, 60, 132, 0], 5: [0, 33, 69, 105, 141, 0], 6: [0, 6, 78, 10, 82, 13, 85, 18, 90, 19, 91, 22, 94, 25, 97, 31, 103, 40, 112, 42, 114, 43, 115, 46, 118, 47, 119, 50, 122, 67, 139, 68, 140, 70, 142, 71, 143, 0], 7: [0, 2, 74, 9, 81, 20, 92, 21, 93, 23, 95, 27, 99, 30, 102, 37, 109, 38, 110, 45, 117, 62, 134, 66, 138, 0]} [3748.1264583481725, 1119.548607581458]
Temps actuel =  11:22:53
<-- end execution 1 -->
<-- start execution 2 -->
Temps actuel =  11:22:53
{1: [0, 5, 77, 9, 81, 18, 90, 21, 93, 22, 94, 25, 97, 42, 114, 43, 115, 44, 116, 48, 120, 58, 130, 65, 137, 66, 138, 0], 2: [0, 6, 78, 7, 79, 8, 80, 12, 84, 15, 87, 17, 89, 46, 118, 50, 122, 60, 132, 64, 136, 71, 143, 0], 3: [0, 14, 86, 23, 95, 30, 102, 37, 109, 39, 111, 51, 123, 54, 126, 55, 127, 56, 128, 57, 129, 61, 133, 68, 140, 0], 4: [0, 1, 73, 4, 76, 13, 85, 24, 96, 29, 101, 31, 103, 45, 117, 52, 124, 63, 135, 70, 142, 0], 5: [0, 11, 83, 16, 88, 26, 98, 28, 100, 32, 104, 34, 106, 47, 119, 59, 131, 62, 134, 0], 6: [0, 3, 75, 10, 82, 19, 91, 27, 99, 35, 107, 40, 112, 53, 125, 69, 141, 72, 144, 0], 7: [0, 2, 74, 20, 92, 33, 105, 36, 108, 38, 110, 41, 113, 49, 121, 67, 139, 0]} [4213.169435014117, 1120.3448516739866]
{1: [0, 7, 79, 15, 87, 23, 95, 27, 99, 32, 104, 38, 110, 44, 116, 45, 117, 62, 134, 63, 135, 0], 2: [0, 8, 80, 9, 81, 24, 96, 31, 103, 34, 106, 39, 111, 46, 118, 54, 126, 68, 140, 0], 3: [0, 4, 76, 11, 83, 36, 43, 115, 108, 57, 129, 67, 139, 0], 4: [0, 2, 74, 5, 77, 6, 78, 14, 86, 20, 92, 22, 94, 28, 100, 29, 101, 41, 113, 51, 123, 56, 128, 59, 131, 60, 132, 66, 138, 70, 142, 71, 143, 0], 5: [0, 1, 73, 16, 88, 18, 90, 26, 98, 33, 105, 37, 109, 47, 119, 50, 122, 0], 6: [0, 3, 75, 10, 82, 13, 85, 19, 91, 40, 112, 42, 114, 48, 120, 49, 121, 52, 124, 58, 130, 61, 133, 64, 136, 65, 137, 69, 141, 0], 7: [0, 12, 84, 17, 89, 21, 93, 25, 97, 30, 102, 35, 107, 53, 125, 55, 127, 72, 144, 0]} [4271.332387113367, 1132.2524437588768]
{1: [0, 5, 77, 18, 90, 33, 105, 54, 126, 57, 129, 62, 134, 64, 136, 0], 2: [0, 10, 82, 19, 91, 22, 94, 24, 96, 27, 99, 38, 110, 39, 111, 42, 114, 45, 117, 58, 130, 61, 133, 0], 3: [0, 1, 73, 2, 74, 9, 81, 13, 85, 23, 95, 26, 98, 40, 112, 44, 116, 47, 119, 52, 124, 53, 125, 55, 127, 59, 131, 69, 141, 70, 142, 71, 143, 0], 4: [0, 28, 100, 29, 35, 101, 107, 48, 120, 49, 121, 0], 5: [0, 3, 75, 7, 79, 14, 86, 16, 88, 20, 92, 30, 102, 37, 109, 41, 113, 43, 115, 46, 118, 50, 122, 56, 128, 66, 138, 0], 6: [0, 4, 76, 8, 80, 11, 83, 12, 84, 15, 87, 32, 104, 65, 137, 67, 139, 68, 140, 0], 7: [0, 6, 78, 17, 89, 21, 93, 25, 97, 31, 103, 34, 106, 36, 108, 51, 123, 60, 132, 63, 135, 72, 144, 0]} [3952.8106500458284, 1132.9754185584825]
{1: [0, 5, 77, 18, 90, 33, 105, 54, 126, 57, 129, 62, 134, 64, 136, 0], 2: [0, 10, 82, 19, 91, 22, 94, 24, 96, 27, 99, 38, 110, 39, 111, 42, 114, 45, 117, 58, 130, 61, 133, 0], 3: [0, 1, 73, 2, 74, 9, 81, 13, 85, 23, 95, 26, 98, 31, 103, 40, 112, 44, 116, 47, 119, 52, 124, 53, 125, 55, 127, 59, 131, 69, 141, 70, 142, 0], 4: [0, 28, 100, 29, 35, 101, 107, 48, 120, 49, 121, 0], 5: [0, 3, 75, 7, 79, 14, 86, 16, 88, 20, 92, 30, 102, 37, 109, 41, 113, 43, 115, 46, 118, 50, 122, 56, 128, 66, 138, 0], 6: [0, 4, 76, 8, 80, 11, 83, 12, 84, 15, 87, 32, 104, 65, 137, 67, 139, 68, 140, 0], 7: [0, 6, 78, 17, 89, 21, 93, 25, 97, 34, 106, 36, 108, 51, 123, 60, 132, 63, 135, 71, 143, 72, 144, 0]} [3961.614752034388, 1141.7795205470418]
Temps actuel =  12:26:22
<-- end execution 2 -->

<-- start execution 1 -->
Temps actuel =  12:34:45
{1: [0, 15, 87, 18, 90, 25, 97, 41, 113, 54, 126, 56, 128, 58, 130, 60, 132, 0], 2: [0, 4, 76, 10, 82, 13, 85, 31, 103, 32, 104, 47, 119, 48, 120, 50, 122, 51, 123, 55, 127, 61, 133, 67, 139, 0], 3: [0, 2, 74, 9, 81, 11, 83, 19, 91, 24, 96, 36, 108, 38, 110, 42, 114, 52, 124, 57, 129, 0], 4: [0, 27, 99, 30, 102, 37, 109, 43, 115, 45, 117, 59, 131, 62, 134, 63, 135, 64, 136, 68, 140, 70, 142, 71, 143, 0], 5: [0, 5, 77, 12, 84, 17, 89, 46, 118, 69, 141, 72, 144, 0], 6: [0, 3, 75, 6, 78, 14, 86, 16, 88, 21, 93, 22, 94, 33, 105, 34, 106, 35, 107, 39, 111, 44, 116, 49, 121, 0], 7: [0, 1, 73, 7, 79, 8, 80, 20, 92, 23, 95, 26, 98, 28, 100, 29, 101, 40, 112, 53, 125, 65, 137, 66, 138, 0]} [4357.17503216341, 1147.9033206228223]
{1: [0, 9, 81, 12, 84, 47, 119, 60, 132, 70, 142, 0], 2: [0, 14, 86, 19, 91, 20, 92, 25, 97, 27, 99, 29, 101, 49, 121, 61, 133, 64, 136, 66, 138, 72, 144, 0], 3: [0, 2, 74, 21, 93, 22, 94, 24, 96, 31, 103, 48, 120, 51, 123, 59, 131, 62, 134, 67, 139, 0], 4: [0, 7, 79, 13, 85, 17, 89, 23, 95, 30, 102, 35, 107, 36, 108, 38, 110, 43, 115, 44, 116, 52, 124, 53, 125, 55, 127, 63, 135, 65, 137, 68, 140, 0], 5: [0, 6, 78, 10, 82, 11, 83, 32, 104, 40, 112, 42, 114, 50, 122, 56, 128, 58, 130, 0], 6: [0, 4, 76, 8, 80, 15, 87, 16, 88, 18, 90, 26, 98, 33, 105, 34, 106, 41, 113, 54, 126, 57, 129, 71, 143, 0], 7: [0, 1, 73, 3, 75, 5, 77, 28, 100, 37, 109, 39, 111, 45, 117, 46, 118, 69, 141, 0]} [4414.713708310954, 1158.0781971626673]
{1: [0, 6, 78, 23, 95, 28, 100, 31, 103, 32, 104, 48, 120, 55, 127, 62, 134, 67, 139, 68, 140, 0], 2: [0, 2, 74, 19, 91, 20, 92, 26, 98, 29, 101, 46, 118, 47, 119, 50, 122, 51, 123, 57, 129, 69, 141, 0], 3: [0, 17, 89, 21, 93, 33, 105, 42, 114, 53, 125, 56, 128, 58, 130, 65, 137, 0], 4: [0, 3, 75, 7, 79, 8, 80, 11, 83, 30, 102, 36, 108, 37, 109, 38, 110, 44, 116, 45, 117, 60, 132, 0], 5: [0, 18, 90, 43, 59, 115, 131, 0], 6: [0, 1, 73, 4, 76, 5, 77, 10, 82, 12, 84, 14, 86, 16, 88, 24, 96, 27, 99, 34, 106, 35, 107, 39, 111, 40, 112, 49, 121, 52, 124, 54, 126, 64, 136, 71, 143, 72, 144, 0], 7: [0, 9, 81, 13, 85, 15, 87, 22, 94, 25, 97, 41, 113, 61, 133, 63, 135, 66, 138, 70, 142, 0]} [3936.3790577394348, 1159.8980728071729]
{1: [0, 6, 78, 23, 95, 28, 100, 31, 103, 32, 104, 48, 120, 55, 127, 62, 134, 67, 139, 68, 140, 0], 2: [0, 2, 74, 19, 91, 20, 92, 22, 94, 26, 98, 46, 118, 47, 119, 50, 122, 51, 123, 57, 129, 69, 141, 0], 3: [0, 17, 89, 21, 93, 33, 105, 42, 114, 53, 125, 56, 128, 58, 130, 65, 137, 0], 4: [0, 3, 75, 7, 79, 8, 80, 11, 83, 30, 102, 36, 108, 37, 109, 38, 110, 44, 116, 45, 117, 60, 132, 0], 5: [0, 18, 90, 43, 59, 115, 131, 0], 6: [0, 1, 73, 4, 76, 5, 77, 10, 82, 12, 84, 14, 86, 16, 88, 24, 96, 27, 99, 29, 101, 34, 106, 35, 107, 39, 111, 40, 112, 49, 121, 52, 124, 54, 126, 71, 143, 72, 144, 0], 7: [0, 9, 81, 13, 85, 15, 87, 25, 97, 41, 113, 61, 133, 63, 135, 64, 136, 66, 138, 70, 142, 0]} [3946.19566589439, 1150.3606477272065]
Temps actuel =  13:43:16
<-- end execution 1 -->
<-- start execution 2 -->
Temps actuel =  13:43:16
{1: [0, 5, 77, 9, 81, 28, 100, 36, 108, 43, 115, 49, 121, 50, 122, 67, 139, 69, 141, 71, 143, 0], 2: [0, 8, 80, 17, 89, 34, 106, 39, 111, 48, 120, 54, 126, 61, 133, 0], 3: [0, 4, 76, 13, 85, 22, 94, 26, 98, 27, 99, 33, 105, 35, 107, 52, 124, 55, 127, 68, 140, 0], 4: [0, 1, 73, 15, 87, 23, 95, 24, 96, 30, 102, 40, 112, 51, 123, 53, 125, 60, 132, 0], 5: [0, 7, 79, 10, 82, 11, 83, 12, 84, 14, 86, 18, 90, 21, 93, 29, 101, 37, 109, 41, 113, 42, 114, 57, 129, 58, 130, 63, 135, 65, 137, 72, 144, 0], 6: [0, 2, 74, 16, 88, 31, 103, 38, 110, 44, 116, 45, 117, 46, 118, 56, 128, 62, 134, 64, 136, 66, 138, 0], 7: [0, 3, 75, 6, 78, 19, 91, 20, 92, 25, 97, 32, 104, 47, 119, 59, 131, 70, 142, 0]} [4409.054358350151, 1110.4010953946588]
{1: [0, 13, 85, 38, 110, 42, 114, 44, 116, 45, 117, 52, 124, 57, 129, 60, 132, 63, 135, 68, 140, 72, 144, 0], 2: [0, 14, 86, 23, 95, 26, 98, 29, 101, 34, 106, 40, 112, 58, 130, 59, 131, 0], 3: [0, 4, 76, 5, 77, 6, 78, 10, 82, 31, 103, 32, 104, 35, 107, 39, 111, 56, 128, 62, 134, 65, 137, 69, 141, 0], 4: [0, 3, 75, 7, 79, 17, 89, 21, 93, 22, 94, 41, 113, 48, 120, 61, 133, 70, 142, 71, 143, 0], 5: [0, 8, 80, 16, 88, 24, 96, 27, 99, 28, 100, 33, 105, 36, 108, 46, 118, 47, 119, 55, 127, 0], 6: [0, 1, 73, 9, 81, 12, 84, 15, 87, 18, 90, 30, 102, 49, 121, 50, 122, 53, 125, 54, 126, 64, 136, 66, 138, 67, 139, 0], 7: [0, 2, 74, 11, 83, 19, 91, 20, 92, 25, 97, 37, 109, 43, 115, 51, 123, 0]} [4147.106946609036, 1112.5569367048206]
{1: [0, 1, 73, 6, 78, 23, 95, 28, 100, 34, 106, 39, 111, 49, 121, 52, 124, 60, 132, 63, 135, 64, 136, 68, 140, 71, 143, 0], 2: [0, 19, 91, 30, 102, 56, 128, 58, 130, 59, 131, 0], 3: [0, 7, 79, 15, 87, 17, 89, 20, 92, 22, 94, 41, 113, 53, 125, 54, 126, 65, 137, 69, 141, 72, 144, 0], 4: [0, 3, 75, 9, 81, 10, 82, 14, 86, 16, 88, 24, 96, 29, 101, 42, 114, 44, 116, 61, 133, 62, 134, 0], 5: [0, 8, 80, 21, 93, 25, 97, 36, 108, 46, 118, 47, 119, 48, 120, 51, 123, 55, 127, 0], 6: [0, 5, 77, 11, 83, 18, 90, 26, 98, 31, 103, 32, 104, 33, 105, 35, 107, 38, 110, 45, 117, 57, 129, 66, 138, 67, 139, 0], 7: [0, 2, 74, 4, 76, 12, 84, 13, 85, 27, 99, 37, 109, 40, 112, 43, 115, 50, 122, 70, 142, 0]} [4000.174200440395, 1120.3362528759778]
{1: [0, 1, 73, 6, 78, 23, 95, 28, 100, 34, 106, 39, 111, 49, 121, 52, 124, 60, 132, 63, 135, 64, 136, 68, 140, 71, 143, 0], 2: [0, 19, 91, 30, 102, 40, 112, 58, 130, 59, 131, 0], 3: [0, 7, 79, 15, 87, 17, 89, 20, 92, 22, 94, 41, 113, 53, 125, 54, 126, 65, 137, 69, 141, 72, 144, 0], 4: [0, 3, 75, 9, 81, 10, 82, 14, 86, 16, 88, 24, 96, 29, 101, 42, 114, 44, 116, 61, 133, 62, 134, 0], 5: [0, 8, 80, 21, 93, 25, 97, 36, 108, 46, 118, 47, 119, 48, 120, 51, 123, 55, 127, 0], 6: [0, 5, 77, 11, 83, 18, 90, 26, 98, 31, 103, 32, 104, 33, 105, 35, 107, 38, 110, 45, 117, 57, 129, 66, 138, 67, 139, 0], 7: [0, 2, 74, 4, 76, 12, 84, 13, 85, 27, 99, 37, 109, 43, 115, 50, 122, 56, 128, 70, 142, 0]} [4002.5051131749583, 1122.6671656105414]
Temps actuel =  14:51:12
<-- end execution 2 -->
<-- start execution 1 -->
Temps actuel =  15:54:06
{1: [0, 10, 82, 11, 83, 16, 88, 17, 89, 25, 97, 26, 98, 28, 100, 31, 103, 33, 105, 37, 109, 43, 115, 44, 116, 61, 133, 64, 136, 66, 138, 0], 2: [0, 4, 76, 15, 87, 34, 106, 54, 126, 56, 128, 60, 132, 65, 137, 69, 141, 0], 3: [0, 6, 78, 8, 80, 22, 94, 40, 112, 42, 114, 45, 117, 48, 120, 49, 121, 57, 129, 70, 142, 0], 4: [0, 3, 75, 13, 85, 19, 91, 21, 93, 29, 101, 30, 102, 50, 122, 52, 124, 53, 125, 59, 131, 0], 5: [0, 5, 77, 18, 90, 55, 127, 68, 140, 0], 6: [0, 1, 73, 2, 74, 9, 81, 14, 86, 23, 95, 24, 96, 27, 99, 46, 118, 62, 134, 67, 139, 71, 143, 0], 7: [0, 7, 79, 12, 84, 20, 92, 32, 104, 35, 107, 36, 108, 38, 110, 39, 111, 41, 113, 47, 119, 51, 123, 58, 130, 63, 135, 72, 144, 0]} [4455.730236272056, 1166.0569500057431]
{1: [0, 13, 85, 23, 95, 25, 97, 27, 99, 35, 107, 41, 113, 44, 116, 45, 117, 47, 119, 50, 122, 54, 126, 55, 127, 71, 143, 72, 144, 0], 2: [0, 5, 77, 16, 88, 28, 100, 31, 103, 32, 104, 42, 114, 51, 123, 56, 128, 66, 138, 67, 139, 68, 140, 0], 3: [0, 3, 75, 6, 78, 7, 79, 12, 84, 17, 89, 24, 96, 30, 102, 43, 115, 61, 133, 0], 4: [0, 4, 76, 9, 81, 21, 93, 26, 98, 29, 101, 33, 105, 40, 112, 49, 121, 52, 124, 0], 5: [0, 8, 80, 18, 90, 19, 91, 59, 131, 69, 141, 70, 142, 0], 6: [0, 10, 82, 15, 87, 20, 92, 22, 94, 34, 106, 36, 108, 38, 110, 39, 111, 46, 118, 48, 120, 53, 125, 58, 130, 60, 132, 63, 135, 65, 137, 0], 7: [0, 1, 73, 2, 74, 11, 83, 14, 86, 37, 109, 57, 129, 62, 134, 64, 136, 0]} [4222.501951514075, 1130.375772727805]
{1: [0, 18, 90, 20, 92, 51, 123, 56, 128, 57, 129, 65, 137, 70, 142, 0], 2: [0, 9, 81, 12, 84, 13, 85, 16, 88, 31, 103, 34, 106, 38, 110, 47, 119, 48, 120, 58, 130, 63, 135, 64, 136, 66, 138, 0], 3: [0, 8, 80, 19, 91, 21, 93, 22, 94, 40, 112, 52, 124, 54, 126, 61, 133, 67, 139, 69, 141, 0], 4: [0, 4, 76, 5, 77, 6, 78, 26, 98, 28, 100, 30, 102, 32, 104, 33, 105, 49, 121, 55, 127, 59, 131, 60, 132, 62, 134, 72, 144, 0], 5: [0, 2, 74, 10, 82, 11, 83, 17, 89, 25, 97, 29, 101, 41, 113, 42, 114, 44, 116, 45, 117, 71, 143, 0], 6: [0, 23, 95, 24, 96, 37, 109, 39, 111, 53, 125, 68, 140, 0], 7: [0, 1, 73, 3, 75, 7, 79, 14, 86, 15, 87, 27, 99, 35, 107, 36, 108, 43, 115, 46, 118, 50, 122, 0]} [4061.4970372447992, 1143.8094985342295]
{1: [0, 3, 75, 13, 85, 23, 95, 26, 98, 48, 120, 49, 121, 58, 130, 63, 135, 0], 2: [0, 9, 81, 28, 100, 30, 102, 34, 106, 35, 107, 36, 108, 41, 113, 43, 115, 47, 119, 56, 128, 0], 3: [0, 2, 74, 6, 78, 7, 79, 14, 86, 25, 97, 50, 122, 51, 123, 53, 125, 54, 126, 59, 131, 60, 132, 64, 136, 69, 141, 71, 143, 0], 4: [0, 1, 73, 8, 80, 12, 84, 15, 87, 16, 88, 22, 94, 24, 96, 31, 103, 33, 105, 44, 116, 46, 118, 57, 129, 66, 138, 68, 140, 70, 142, 0], 5: [0, 4, 76, 18, 90, 19, 91, 29, 101, 32, 104, 39, 111, 45, 117, 55, 127, 61, 133, 62, 134, 67, 139, 0], 6: [0, 20, 92, 21, 52, 37, 109, 93, 124, 65, 137, 0], 7: [0, 5, 77, 10, 82, 11, 83, 17, 89, 27, 99, 38, 110, 40, 112, 42, 114, 72, 144, 0]} [4069.666178289837, 1176.955821824192]
Temps actuel =  16:55:31
<-- end execution 1 -->
<-- start execution 2 -->
Temps actuel =  16:55:31
{1: [0, 14, 86, 28, 100, 29, 101, 30, 102, 33, 105, 38, 110, 39, 111, 56, 128, 58, 130, 64, 136, 0], 2: [0, 3, 75, 6, 78, 7, 79, 40, 112, 41, 113, 47, 119, 54, 126, 65, 137, 69, 141, 0], 3: [0, 2, 74, 8, 80, 10, 82, 12, 84, 18, 90, 19, 91, 20, 92, 21, 93, 26, 98, 27, 99, 45, 117, 59, 131, 62, 134, 63, 135, 0], 4: [0, 16, 88, 34, 106, 43, 115, 48, 120, 49, 121, 51, 123, 0], 5: [0, 9, 81, 13, 85, 25, 97, 37, 109, 42, 114, 53, 125, 66, 138, 68, 140, 70, 142, 0], 6: [0, 4, 76, 11, 83, 15, 87, 17, 89, 22, 94, 24, 96, 31, 103, 35, 107, 44, 116, 46, 118, 52, 124, 57, 129, 72, 144, 0], 7: [0, 1, 73, 5, 77, 23, 95, 32, 104, 36, 108, 50, 122, 55, 127, 60, 132, 61, 133, 67, 139, 71, 143, 0]} [4365.08309992061, 1160.6074060788083]
{1: [0, 1, 73, 15, 87, 25, 97, 36, 108, 41, 113, 0], 2: [0, 6, 78, 16, 88, 17, 89, 20, 92, 24, 96, 32, 104, 49, 121, 52, 124, 53, 125, 57, 129, 63, 135, 65, 137, 72, 144, 0], 3: [0, 11, 83, 13, 85, 19, 91, 26, 98, 31, 103, 35, 107, 37, 109, 45, 117, 46, 118, 47, 119, 48, 120, 51, 123, 59, 131, 61, 133, 69, 141, 71, 143, 0], 4: [0, 18, 90, 43, 115, 50, 122, 67, 139, 68, 140, 0], 5: [0, 2, 74, 5, 77, 7, 79, 8, 80, 10, 82, 12, 84, 14, 86, 27, 99, 29, 101, 33, 105, 34, 106, 40, 112, 42, 114, 44, 116, 58, 130, 60, 132, 66, 138, 70, 142, 0], 6: [0, 4, 76, 9, 81, 21, 93, 22, 94, 28, 100, 30, 102, 38, 110, 64, 136, 0], 7: [0, 3, 75, 23, 95, 39, 111, 54, 126, 55, 127, 56, 128, 62, 134, 0]} [4331.642490195379, 1092.7614148613764]
{1: [0, 11, 83, 40, 112, 52, 124, 54, 126, 68, 140, 71, 143, 0], 2: [0, 3, 75, 6, 78, 7, 79, 8, 80, 13, 85, 14, 86, 16, 88, 20, 92, 25, 97, 33, 105, 35, 107, 45, 117, 46, 118, 55, 127, 0], 3: [0, 2, 74, 21, 93, 22, 94, 29, 101, 32, 104, 34, 106, 41, 113, 43, 115, 50, 122, 64, 136, 66, 138, 67, 139, 70, 142, 72, 144, 0], 4: [0, 9, 81, 17, 89, 28, 100, 30, 102, 42, 114, 49, 121, 58, 130, 65, 137, 0], 5: [0, 10, 82, 12, 84, 15, 87, 24, 96, 26, 98, 36, 108, 38, 110, 44, 116, 51, 123, 61, 133, 62, 134, 63, 135, 0], 6: [0, 4, 76, 18, 90, 23, 95, 27, 99, 31, 103, 53, 125, 0], 7: [0, 1, 73, 5, 77, 19, 91, 37, 109, 39, 111, 47, 119, 48, 120, 56, 128, 57, 129, 59, 131, 60, 132, 69, 141, 0]} [4069.4053402728555, 1121.9513895277391]
{1: [0, 11, 83, 40, 112, 52, 124, 54, 126, 68, 140, 71, 143, 0], 2: [0, 3, 75, 6, 78, 7, 79, 8, 80, 13, 85, 14, 86, 16, 88, 20, 92, 25, 97, 33, 105, 35, 107, 45, 117, 46, 118, 55, 127, 0], 3: [0, 2, 74, 4, 76, 21, 93, 22, 94, 32, 104, 34, 106, 41, 113, 43, 115, 50, 122, 64, 136, 66, 138, 67, 139, 70, 142, 72, 144, 0], 4: [0, 9, 81, 17, 89, 28, 100, 30, 102, 42, 114, 49, 121, 58, 130, 65, 137, 0], 5: [0, 10, 82, 12, 84, 15, 87, 24, 96, 26, 98, 36, 108, 38, 110, 44, 116, 51, 123, 61, 133, 62, 134, 63, 135, 0], 6: [0, 18, 90, 23, 95, 27, 99, 29, 101, 31, 103, 53, 125, 0], 7: [0, 1, 73, 5, 77, 19, 91, 37, 109, 39, 111, 47, 119, 48, 120, 56, 128, 57, 129, 59, 131, 60, 132, 69, 141, 0]} [4073.5278348710335, 1114.8981653412488]
Temps actuel =  17:56:39
<-- end execution 2 -->
<-- start execution 1 -->
Temps actuel =  22:07:56
{1: [0, 22, 94, 31, 103, 36, 108, 37, 109, 42, 114, 49, 121, 64, 136, 69, 141, 0], 2: [0, 14, 86, 16, 88, 25, 97, 29, 101, 40, 112, 50, 122, 56, 128, 60, 132, 61, 133, 65, 137, 67, 139, 72, 144, 0], 3: [0, 1, 73, 6, 78, 11, 83, 17, 89, 19, 91, 24, 96, 28, 100, 39, 111, 41, 113, 51, 123, 0], 4: [0, 4, 76, 10, 82, 13, 85, 32, 104, 34, 106, 35, 107, 43, 115, 46, 118, 48, 120, 52, 124, 63, 135, 0], 5: [0, 20, 92, 21, 93, 23, 95, 53, 125, 55, 127, 57, 129, 68, 140, 70, 142, 0], 6: [0, 2, 74, 3, 75, 7, 79, 9, 81, 12, 84, 15, 87, 18, 90, 26, 98, 27, 99, 30, 102, 45, 117, 54, 126, 58, 130, 59, 131, 62, 134, 66, 138, 71, 143, 0], 7: [0, 5, 77, 8, 80, 33, 105, 38, 110, 44, 116, 47, 119, 0]} [4270.269370390651, 1194.8832000498105]
{1: [0, 12, 84, 18, 90, 27, 99, 33, 105, 42, 114, 49, 121, 55, 127, 67, 139, 0], 2: [0, 10, 82, 21, 93, 22, 94, 57, 129, 72, 144, 0], 3: [0, 5, 77, 8, 80, 20, 92, 23, 95, 24, 96, 25, 97, 29, 101, 31, 103, 35, 107, 41, 113, 64, 136, 0], 4: [0, 4, 76, 26, 98, 32, 104, 36, 108, 38, 110, 40, 112, 44, 116, 47, 119, 50, 122, 56, 128, 62, 134, 66, 138, 68, 140, 69, 141, 71, 143, 0], 5: [0, 1, 73, 6, 78, 28, 100, 30, 102, 34, 106, 43, 115, 51, 123, 58, 130, 63, 135, 65, 137, 70, 142, 0], 6: [0, 2, 74, 9, 81, 13, 85, 14, 86, 15, 87, 16, 88, 17, 89, 39, 111, 54, 126, 61, 133, 0], 7: [0, 3, 75, 7, 79, 11, 83, 19, 91, 37, 109, 45, 117, 46, 118, 48, 120, 52, 124, 53, 125, 59, 131, 60, 132, 0]} [4030.6833922063033, 1145.6505369869749]
{1: [0, 4, 76, 14, 86, 22, 94, 30, 102, 38, 110, 48, 120, 57, 129, 58, 130, 67, 139, 0], 2: [0, 7, 79, 12, 84, 16, 88, 20, 92, 27, 99, 33, 105, 36, 108, 39, 111, 45, 117, 59, 131, 64, 136, 0], 3: [0, 9, 81, 10, 82, 21, 93, 28, 100, 32, 104, 34, 106, 43, 115, 61, 133, 62, 134, 63, 135, 69, 141, 70, 142, 0], 4: [0, 2, 74, 11, 83, 17, 89, 23, 95, 35, 107, 40, 112, 41, 113, 50, 122, 68, 140, 0], 5: [0, 1, 73, 5, 77, 6, 78, 8, 80, 13, 85, 24, 96, 47, 119, 49, 121, 54, 126, 72, 144, 0], 6: [0, 3, 75, 15, 87, 19, 91, 25, 97, 29, 101, 31, 103, 42, 114, 51, 123, 53, 125, 55, 127, 56, 128, 60, 132, 65, 137, 71, 143, 0], 7: [0, 18, 90, 26, 98, 37, 109, 44, 116, 46, 118, 52, 124, 66, 138, 0]} [4011.636406245623, 1118.4171492179776]
{1: [0, 12, 84, 18, 90, 27, 99, 33, 105, 42, 114, 49, 121, 55, 127, 67, 139, 0], 2: [0, 10, 82, 21, 93, 22, 94, 57, 129, 72, 144, 0], 3: [0, 5, 77, 8, 80, 20, 92, 23, 95, 24, 96, 25, 97, 29, 101, 31, 103, 35, 107, 41, 113, 64, 136, 0], 4: [0, 4, 76, 26, 98, 32, 104, 36, 108, 38, 110, 40, 112, 44, 116, 47, 119, 50, 122, 56, 128, 62, 134, 66, 138, 68, 140, 69, 141, 71, 143, 0], 5: [0, 1, 73, 6, 78, 28, 100, 30, 102, 34, 106, 43, 115, 51, 123, 58, 130, 63, 135, 65, 137, 70, 142, 0], 6: [0, 2, 74, 9, 81, 13, 85, 14, 86, 15, 87, 16, 88, 17, 89, 39, 111, 54, 126, 61, 133, 0], 7: [0, 3, 75, 7, 79, 11, 83, 19, 91, 37, 109, 45, 117, 46, 118, 48, 120, 52, 124, 53, 125, 59, 131, 60, 132, 0]} [4030.6833922063033, 1145.6505369869749]
Temps actuel =  23:11:48
<-- end execution 1 -->
<-- start execution 2 -->
Temps actuel =  23:11:48
{1: [0, 7, 79, 27, 99, 28, 100, 30, 102, 32, 104, 36, 108, 40, 112, 57, 129, 63, 135, 64, 136, 72, 144, 0], 2: [0, 1, 73, 2, 74, 6, 78, 20, 92, 21, 93, 25, 97, 31, 103, 39, 111, 52, 124, 58, 130, 70, 142, 0], 3: [0, 4, 76, 11, 83, 23, 95, 24, 96, 44, 116, 45, 117, 53, 125, 54, 126, 56, 128, 60, 132, 0], 4: [0, 5, 77, 12, 84, 13, 85, 14, 86, 19, 91, 22, 94, 34, 106, 49, 121, 50, 122, 55, 127, 68, 140, 0], 5: [0, 3, 75, 9, 81, 16, 88, 46, 118, 59, 131, 65, 137, 71, 143, 0], 6: [0, 10, 82, 15, 87, 26, 98, 33, 105, 38, 110, 41, 113, 42, 114, 48, 120, 51, 123, 62, 134, 66, 138, 69, 141, 0], 7: [0, 8, 80, 17, 89, 18, 90, 29, 101, 35, 107, 37, 109, 43, 115, 47, 119, 61, 133, 67, 139, 0]} [4441.053877762241, 1179.1487953477113]
{1: [0, 3, 75, 21, 93, 35, 107, 44, 116, 45, 117, 46, 118, 51, 123, 55, 127, 70, 142, 0], 2: [0, 1, 73, 10, 82, 18, 90, 25, 97, 27, 99, 30, 102, 34, 106, 37, 109, 38, 110, 41, 113, 43, 115, 50, 122, 0], 3: [0, 4, 76, 7, 79, 15, 87, 23, 95, 28, 100, 29, 101, 33, 105, 56, 128, 62, 134, 63, 135, 67, 139, 0], 4: [0, 2, 74, 11, 83, 19, 91, 24, 96, 39, 111, 40, 112, 42, 114, 49, 121, 52, 124, 58, 130, 61, 133, 65, 137, 69, 141, 0], 5: [0, 6, 78, 13, 85, 17, 89, 31, 103, 36, 108, 47, 119, 48, 120, 60, 132, 66, 138, 68, 140, 72, 144, 0], 6: [0, 5, 77, 9, 81, 12, 84, 14, 86, 53, 125, 57, 129, 59, 131, 64, 136, 0], 7: [0, 8, 80, 16, 88, 20, 92, 22, 94, 26, 98, 32, 104, 54, 126, 71, 143, 0]} [4389.589102821192, 1141.9557338720224]
{1: [0, 6, 78, 9, 81, 14, 86, 19, 91, 26, 98, 32, 104, 39, 111, 55, 127, 62, 134, 0], 2: [0, 1, 73, 4, 76, 18, 90, 20, 92, 23, 95, 27, 99, 29, 101, 34, 106, 42, 114, 45, 117, 47, 119, 63, 135, 68, 140, 69, 141, 71, 143, 0], 3: [0, 8, 80, 11, 83, 21, 93, 22, 94, 24, 96, 25, 97, 31, 103, 38, 110, 50, 122, 56, 128, 61, 133, 64, 136, 0], 4: [0, 2, 74, 10, 82, 12, 84, 17, 89, 30, 102, 35, 107, 40, 112, 44, 116, 48, 120, 49, 121, 53, 125, 65, 137, 66, 138, 0], 5: [0, 28, 100, 36, 108, 37, 109, 43, 115, 52, 124, 57, 129, 59, 131, 60, 132, 67, 139, 0], 6: [0, 16, 88, 41, 113, 72, 144, 0], 7: [0, 3, 75, 5, 77, 7, 79, 13, 85, 15, 87, 33, 105, 46, 118, 51, 123, 54, 126, 58, 130, 70, 142, 0]} [3981.0934178611296, 1104.2150206720746]
{1: [0, 4, 76, 6, 78, 9, 81, 14, 86, 26, 98, 32, 104, 39, 111, 55, 127, 62, 134, 0], 2: [0, 1, 73, 18, 90, 19, 91, 20, 92, 23, 95, 27, 99, 29, 101, 34, 106, 42, 114, 45, 117, 47, 119, 63, 135, 68, 140, 69, 141, 71, 143, 0], 3: [0, 3, 75, 8, 80, 11, 83, 21, 93, 22, 94, 24, 96, 25, 97, 31, 103, 38, 110, 50, 122, 56, 128, 61, 133, 0], 4: [0, 2, 74, 10, 82, 12, 84, 17, 89, 30, 102, 35, 107, 40, 112, 44, 116, 48, 120, 49, 121, 53, 125, 65, 137, 66, 138, 0], 5: [0, 28, 100, 36, 108, 37, 109, 43, 115, 52, 124, 57, 129, 59, 131, 60, 132, 67, 139, 0], 6: [0, 16, 88, 41, 113, 72, 144, 0], 7: [0, 5, 77, 7, 79, 13, 85, 15, 87, 33, 105, 46, 118, 51, 123, 54, 126, 58, 130, 64, 136, 70, 142, 0]} [4022.7219142070608, 1095.9185297197655]
Temps actuel =  00:19:21
<-- end execution 2 -->
<-- start execution 3 -->
Temps actuel =  00:19:21
{1: [0, 4, 76, 13, 85, 17, 89, 18, 90, 26, 98, 37, 109, 39, 111, 42, 114, 48, 120, 60, 132, 62, 134, 0], 2: [0, 6, 78, 8, 80, 25, 97, 30, 102, 32, 104, 38, 110, 43, 115, 52, 124, 61, 133, 69, 141, 71, 143, 0], 3: [0, 2, 74, 5, 77, 10, 82, 14, 86, 34, 106, 46, 118, 50, 122, 54, 126, 57, 129, 59, 131, 63, 135, 64, 136, 0], 4: [0, 15, 87, 19, 91, 28, 100, 41, 113, 45, 117, 55, 127, 58, 130, 0], 5: [0, 3, 75, 7, 79, 9, 81, 21, 93, 33, 105, 44, 116, 47, 119, 65, 137, 0], 6: [0, 1, 73, 12, 84, 22, 94, 23, 95, 24, 96, 27, 99, 35, 107, 36, 108, 53, 125, 56, 128, 67, 139, 0], 7: [0, 11, 83, 16, 88, 20, 92, 29, 101, 31, 103, 40, 112, 49, 121, 51, 123, 66, 138, 68, 140, 70, 142, 72, 144, 0]} [4352.985163360482, 1172.809627164948]
{1: [0, 2, 74, 6, 78, 8, 80, 12, 84, 21, 93, 28, 100, 43, 115, 49, 121, 51, 123, 53, 125, 68, 140, 0], 2: [0, 1, 73, 14, 86, 18, 90, 29, 101, 31, 103, 52, 124, 65, 137, 70, 142, 0], 3: [0, 9, 81, 10, 82, 24, 96, 33, 105, 35, 107, 71, 143, 0], 4: [0, 7, 79, 13, 85, 16, 88, 22, 94, 23, 95, 25, 97, 26, 98, 42, 114, 44, 116, 58, 130, 63, 135, 67, 139, 69, 141, 72, 144, 0], 5: [0, 5, 77, 19, 91, 34, 106, 41, 113, 46, 118, 50, 122, 57, 129, 64, 136, 66, 138, 0], 6: [0, 3, 75, 4, 76, 11, 83, 30, 102, 45, 117, 54, 126, 55, 127, 62, 134, 0], 7: [0, 15, 87, 17, 89, 20, 92, 27, 99, 32, 104, 36, 108, 37, 109, 38, 110, 39, 111, 40, 112, 47, 119, 48, 120, 56, 128, 59, 131, 60, 132, 61, 133, 0]} [4451.290717215481, 1095.3527002235242]
{1: [0, 5, 77, 10, 82, 14, 86, 18, 90, 31, 103, 32, 104, 43, 115, 47, 119, 48, 120, 50, 122, 51, 123, 53, 125, 54, 126, 57, 129, 63, 135, 66, 138, 0], 2: [0, 2, 74, 3, 75, 7, 79, 17, 89, 29, 101, 33, 105, 38, 110, 45, 117, 52, 124, 59, 131, 64, 136, 68, 140, 0], 3: [0, 9, 81, 15, 87, 16, 88, 26, 98, 35, 107, 44, 116, 55, 127, 0], 4: [0, 11, 83, 13, 85, 21, 93, 28, 100, 42, 114, 62, 134, 0], 5: [0, 1, 73, 4, 76, 23, 95, 46, 118, 60, 132, 65, 137, 69, 141, 71, 143, 0], 6: [0, 8, 80, 19, 91, 20, 92, 24, 96, 25, 97, 27, 99, 37, 109, 40, 112, 49, 121, 61, 133, 67, 139, 72, 144, 0], 7: [0, 6, 78, 12, 84, 22, 94, 30, 102, 34, 106, 36, 108, 39, 111, 41, 113, 56, 128, 58, 130, 70, 142, 0]} [3989.4738325615826, 1164.0381977448708]
{1: [0, 5, 77, 10, 82, 14, 86, 18, 90, 32, 104, 42, 114, 43, 115, 47, 119, 48, 120, 50, 122, 51, 123, 53, 125, 54, 126, 60, 132, 63, 135, 66, 138, 0], 2: [0, 2, 74, 3, 75, 7, 79, 17, 89, 28, 100, 29, 101, 38, 110, 45, 117, 52, 124, 59, 131, 64, 136, 68, 140, 0], 3: [0, 9, 81, 15, 87, 16, 88, 26, 98, 35, 107, 44, 116, 55, 127, 0], 4: [0, 11, 83, 13, 85, 21, 93, 33, 105, 57, 129, 62, 134, 0], 5: [0, 1, 73, 4, 76, 23, 95, 31, 103, 46, 118, 65, 137, 69, 141, 71, 143, 0], 6: [0, 8, 80, 19, 91, 20, 92, 24, 96, 25, 97, 27, 99, 37, 109, 40, 112, 49, 121, 61, 133, 67, 139, 72, 144, 0], 7: [0, 6, 78, 12, 84, 22, 94, 30, 102, 34, 106, 36, 108, 39, 111, 41, 113, 56, 128, 58, 130, 70, 142, 0]} [3996.9116547095687, 1158.9584204553187]
Temps actuel =  01:24:52
<-- end execution 3 -->
<-- start execution 4 -->
Temps actuel =  01:24:52
{1: [0, 3, 75, 9, 81, 37, 109, 46, 118, 47, 119, 48, 120, 54, 126, 55, 127, 64, 136, 72, 144, 0], 2: [0, 7, 79, 23, 95, 33, 105, 45, 117, 58, 130, 60, 132, 68, 140, 71, 143, 0], 3: [0, 6, 78, 11, 83, 14, 86, 15, 87, 19, 91, 25, 97, 27, 99, 30, 102, 39, 111, 40, 112, 41, 113, 61, 133, 62, 134, 0], 4: [0, 2, 74, 4, 76, 5, 77, 12, 84, 17, 89, 20, 92, 26, 98, 28, 100, 34, 106, 36, 108, 38, 110, 44, 116, 52, 124, 56, 128, 63, 135, 67, 139, 0], 5: [0, 8, 80, 10, 82, 13, 85, 29, 101, 35, 107, 43, 115, 65, 137, 0], 6: [0, 1, 73, 16, 88, 24, 96, 31, 103, 57, 129, 59, 131, 70, 142, 0], 7: [0, 18, 90, 21, 93, 22, 94, 32, 104, 42, 114, 49, 121, 50, 122, 51, 123, 53, 125, 66, 138, 69, 141, 0]} [4450.36888353493, 1166.0628663188425]
{1: [0, 9, 81, 11, 83, 20, 92, 28, 100, 31, 103, 35, 107, 38, 110, 40, 112, 0], 2: [0, 6, 78, 10, 82, 18, 90, 26, 98, 27, 99, 37, 109, 45, 117, 48, 120, 58, 130, 62, 134, 69, 141, 0], 3: [0, 13, 85, 16, 88, 21, 93, 23, 95, 49, 121, 59, 131, 72, 144, 0], 4: [0, 4, 76, 8, 80, 12, 84, 14, 86, 41, 113, 43, 115, 50, 122, 53, 125, 55, 127, 57, 129, 68, 140, 70, 142, 71, 143, 0], 5: [0, 5, 77, 7, 79, 19, 91, 24, 96, 29, 101, 30, 102, 32, 104, 39, 111, 42, 114, 44, 116, 51, 123, 52, 124, 54, 126, 65, 137, 66, 138, 0], 6: [0, 1, 73, 15, 87, 22, 94, 33, 105, 36, 108, 47, 119, 61, 133, 63, 135, 64, 136, 67, 139, 0], 7: [0, 2, 74, 3, 75, 17, 89, 25, 97, 34, 106, 46, 118, 56, 128, 60, 132, 0]} [4404.510665019191, 1169.3193565470292]
{1: [0, 2, 74, 3, 75, 15, 87, 16, 88, 41, 113, 47, 119, 50, 122, 60, 132, 67, 139, 70, 142, 0], 2: [0, 1, 73, 5, 77, 6, 78, 7, 79, 14, 86, 25, 97, 40, 112, 51, 123, 58, 130, 69, 141, 0], 3: [0, 11, 83, 12, 84, 18, 90, 22, 94, 27, 99, 33, 105, 36, 108, 37, 109, 45, 117, 48, 120, 54, 126, 57, 129, 62, 134, 0], 4: [0, 8, 80, 9, 81, 30, 102, 31, 103, 32, 104, 35, 107, 44, 116, 49, 121, 66, 138, 0], 5: [0, 4, 76, 10, 82, 21, 93, 26, 98, 28, 100, 29, 101, 34, 106, 38, 110, 42, 114, 43, 115, 52, 124, 63, 135, 0], 6: [0, 13, 85, 17, 89, 20, 92, 23, 95, 24, 96, 53, 125, 56, 128, 59, 131, 61, 133, 0], 7: [0, 19, 91, 39, 111, 46, 118, 55, 127, 64, 136, 65, 137, 68, 140, 71, 143, 72, 144, 0]} [3988.1996131086667, 1095.264766806219]
{1: [0, 2, 74, 3, 75, 15, 87, 16, 88, 41, 113, 47, 119, 50, 122, 60, 132, 67, 139, 70, 142, 0], 2: [0, 1, 73, 5, 77, 6, 78, 7, 79, 14, 86, 25, 97, 40, 112, 51, 123, 58, 130, 69, 141, 0], 3: [0, 11, 83, 12, 84, 18, 90, 22, 94, 27, 99, 33, 105, 37, 109, 45, 117, 48, 120, 54, 126, 57, 129, 62, 134, 72, 144, 0], 4: [0, 8, 80, 9, 81, 30, 102, 31, 103, 32, 104, 35, 107, 44, 116, 49, 121, 66, 138, 0], 5: [0, 4, 76, 10, 82, 21, 93, 26, 98, 28, 100, 29, 101, 34, 106, 38, 110, 42, 114, 43, 115, 52, 124, 63, 135, 0], 6: [0, 13, 85, 17, 89, 20, 92, 23, 95, 24, 96, 53, 125, 56, 128, 59, 131, 61, 133, 0], 7: [0, 19, 91, 36, 108, 39, 111, 46, 118, 55, 127, 64, 136, 65, 137, 68, 140, 71, 143, 0]} [4004.190383672367, 1106.4215787984335]
Temps actuel =  02:25:05
<-- end execution 4 -->
